dataset,node_id,t,z,y,x,mean_intensity,snr,z_depth_ratio,estimated_radius_um,volume_um3,local_density_r15
6bba_8b7818bf,1032863,0,12.0,77.0,210.0,2.542879,5.1063457,0.1904762,2.5434792,68.92444,1
6bba_8b7818bf,1032864,0,0.0,107.0,190.0,2.1181993,4.546575,0.0,2.1396742,41.032837,0
6bba_8b7818bf,1032865,0,38.0,26.0,113.0,2.1516688,4.564797,0.6031746,2.5434792,68.92444,0
6bba_8b7818bf,1032866,0,41.0,19.0,202.0,2.1497598,4.212049,0.6507937,2.5434792,68.92444,0
6bba_8b7818bf,1032867,0,11.0,77.0,198.0,1.6234815,2.3451605,0.17460318,2.5434792,68.92444,1
6bba_8b7818bf,1032868,0,27.0,45.0,160.0,1.8681291,3.9794633,0.42857143,2.5434792,68.92444,0
6bba_8b7818bf,1032869,0,6.0,89.0,146.0,1.7021976,5.6026883,0.0952381,2.5434792,68.92444,0
6bba_8b7818bf,1032870,0,0.0,109.0,249.0,1.7582543,5.9679847,0.0,2.1396742,41.032837,0
6bba_8b7818bf,1032871,0,17.0,65.0,149.0,1.7726887,3.8441262,0.26984128,2.5434792,68.92444,0
6bba_8b7818bf,1032872,0,55.0,0.0,221.0,1.8674322,3.515973,0.8730159,2.1396742,41.032837,0
6bba_8b7818bf,1032873,0,36.0,27.0,142.0,1.549757,4.0248504,0.5714286,2.5434792,68.92444,0
6bba_8b7818bf,1032874,0,26.0,49.0,205.0,1.4757676,5.7354717,0.41269842,2.5434792,68.92444,0
6bba_8b7818bf,1032875,0,25.0,60.0,42.0,1.4675198,4.86234,0.3968254,2.5434792,68.92444,0
6bba_8b7818bf,1032876,0,54.0,0.0,126.0,1.3444107,5.5947146,0.85714287,2.1396742,41.032837,0
6bba_8b7818bf,1032877,0,37.0,28.0,223.0,1.3641557,5.242134,0.5873016,2.5434792,68.92444,0
6bba_8b7818bf,1032878,0,54.0,8.0,255.0,1.3467351,4.7147574,0.85714287,2.1396742,41.032837,0
6bba_8b7818bf,1032879,0,0.0,108.0,110.0,1.289676,2.8194098,0.0,2.1396742,41.032837,0
6bba_8b7818bf,1032880,0,37.0,33.0,54.0,1.2369065,3.896977,0.5873016,2.5434792,68.92444,0
6bba_8b7818bf,1032881,0,15.0,73.0,115.0,1.1635656,3.772124,0.23809524,2.5434792,68.92444,0
6bba_8b7818bf,1032882,0,9.0,93.0,67.0,1.1925796,2.6938794,0.14285715,2.5434792,68.92444,0
6bba_8b7818bf,1032883,0,37.0,39.0,6.0,1.1929724,2.5655868,0.5873016,2.5434792,68.92444,0
6bba_8b7818bf,1032884,1,11.0,81.0,222.0,2.69036,7.3483377,0.17460318,2.5434792,68.92444,0
6bba_8b7818bf,1032885,1,41.0,20.0,199.0,2.4496813,4.1792355,0.6507937,2.5434792,68.92444,0
6bba_8b7818bf,1032886,1,0.0,107.0,192.0,2.1711314,4.663684,0.0,2.1396742,41.032837,0
6bba_8b7818bf,1032887,1,27.0,45.0,162.0,2.0833745,4.1135364,0.42857143,2.5434792,68.92444,0
6bba_8b7818bf,1032888,1,17.0,65.0,152.0,1.9242797,3.7903192,0.26984128,2.5434792,68.92444,0
6bba_8b7818bf,1032889,1,0.0,110.0,251.0,1.7800177,5.1739087,0.0,2.1396742,41.032837,0
6bba_8b7818bf,1032890,1,55.0,0.0,221.0,1.8730783,3.6131802,0.8730159,2.1396742,41.032837,0
6bba_8b7818bf,1032891,1,37.0,28.0,224.0,1.6456541,6.061966,0.5873016,2.5434792,68.92444,0
6bba_8b7818bf,1032892,1,37.0,27.0,106.0,1.6470927,3.497866,0.5873016,2.5434792,68.92444,0
6bba_8b7818bf,1032893,1,25.0,60.0,41.0,1.4804945,4.9737463,0.3968254,2.5434792,68.92444,0
6bba_8b7818bf,1032894,1,25.0,49.0,203.0,1.4323678,4.8752394,0.3968254,2.5434792,68.92444,0
6bba_8b7818bf,1032895,1,36.0,28.0,137.0,1.4018652,3.6020222,0.5714286,2.5434792,68.92444,0
6bba_8b7818bf,1032896,1,54.0,0.0,130.0,1.3863803,3.7112155,0.85714287,2.1396742,41.032837,0
6bba_8b7818bf,1032897,1,7.0,83.0,158.0,1.1921092,3.6011412,0.11111111,2.5434792,68.92444,0
6bba_8b7818bf,1032898,1,48.0,16.0,34.0,1.118636,3.6564062,0.7619048,2.5434792,68.92444,0
6bba_8b7818bf,1032899,1,8.0,94.0,68.0,1.2232194,3.127461,0.12698413,2.5434792,68.92444,0
6bba_8b7818bf,1032900,1,52.0,8.0,251.0,1.1689957,5.965697,0.82539684,2.5434792,68.92444,0
6bba_8b7818bf,1032901,1,47.0,9.0,178.0,1.1673656,3.4533494,0.74603176,2.5434792,68.92444,0
6bba_8b7818bf,1032902,1,29.0,46.0,255.0,0.990595,5.764039,0.46031746,2.1396742,41.032837,0
6bba_8b7818bf,1032903,2,11.0,81.0,220.0,2.4696708,6.2656584,0.17460318,2.5434792,68.92444,0
6bba_8b7818bf,1032904,2,41.0,20.0,200.0,2.5142033,4.1836205,0.6507937,2.5434792,68.92444,0
6bba_8b7818bf,1032905,2,0.0,106.0,193.0,2.254158,4.5640078,0.0,2.1396742,41.032837,0
6bba_8b7818bf,1032906,2,27.0,45.0,161.0,1.9679902,4.318539,0.42857143,2.5434792,68.92444,0
6bba_8b7818bf,1032907,2,0.0,109.0,248.0,1.772868,4.99057,0.0,2.1396742,41.032837,0
6bba_8b7818bf,1032908,2,38.0,26.0,107.0,1.8004147,3.6643708,0.6031746,2.5434792,68.92444,0
6bba_8b7818bf,1032909,2,17.0,65.0,153.0,1.7758582,3.6946084,0.26984128,2.5434792,68.92444,0
6bba_8b7818bf,1032910,2,37.0,28.0,224.0,1.5363164,5.6833835,0.5873016,2.5434792,68.92444,0
6bba_8b7818bf,1032911,2,55.0,0.0,222.0,1.6184219,3.7128575,0.8730159,2.1396742,41.032837,0
6bba_8b7818bf,1032912,2,36.0,27.0,137.0,1.4744022,3.6409693,0.5714286,2.5434792,68.92444,0
6bba_8b7818bf,1032913,2,26.0,59.0,41.0,1.4063773,4.587686,0.41269842,2.5434792,68.92444,0
6bba_8b7818bf,1032914,2,7.0,86.0,146.0,1.3316984,4.5967917,0.11111111,2.5434792,68.92444,1
6bba_8b7818bf,1032915,2,7.0,93.0,146.0,1.1824226,3.4872735,0.11111111,2.5401762,68.65625,1
6bba_8b7818bf,1032916,2,26.0,47.0,203.0,1.2399117,4.8898425,0.41269842,2.5434792,68.92444,0
6bba_8b7818bf,1032917,2,48.0,15.0,32.0,1.1464031,4.0501823,0.7619048,2.5434792,68.92444,0
6bba_8b7818bf,1032918,2,54.0,0.0,131.0,1.2429425,3.0315769,0.85714287,2.1396742,41.032837,0
6bba_8b7818bf,1032919,2,52.0,8.0,253.0,1.1993557,4.9758134,0.82539684,2.4687274,63.024292,0
6bba_8b7818bf,1032920,2,22.0,64.0,75.0,1.0546254,3.8840163,0.34920636,2.5434792,68.92444,0
6bba_8b7818bf,1032921,2,3.0,103.0,123.0,1.2602745,2.9198136,0.04761905,2.5401762,68.65625,0
6bba_8b7818bf,1032922,2,47.0,9.0,179.0,1.1002539,3.3042264,0.74603176,2.5434792,68.92444,0
6bba_8b7818bf,1032923,2,8.0,94.0,68.0,1.1476864,3.077349,0.12698413,2.5434792,68.92444,0
6bba_8b7818bf,1032924,3,11.0,81.0,217.0,2.5195694,6.450196,0.17460318,2.5434792,68.92444,0
6bba_8b7818bf,1032925,3,41.0,20.0,198.0,2.5039597,4.2990355,0.6507937,2.5434792,68.92444,0
6bba_8b7818bf,1032926,3,0.0,108.0,192.0,2.250422,4.186344,0.0,2.1396742,41.032837,0
6bba_8b7818bf,1032927,3,27.0,45.0,159.0,2.1658857,4.5600276,0.42857143,2.5434792,68.92444,0
6bba_8b7818bf,1032928,3,17.0,65.0,152.0,1.8388593,3.9506073,0.26984128,2.5434792,68.92444,0
6bba_8b7818bf,1032929,3,37.0,27.0,106.0,1.7833753,3.709509,0.5873016,2.5434792,68.92444,0
6bba_8b7818bf,1032930,3,0.0,110.0,247.0,1.6884454,3.8679206,0.0,2.1396742,41.032837,0
6bba_8b7818bf,1032931,3,8.0,85.0,150.0,1.5404998,6.1036553,0.12698413,2.5401762,68.65625,0
6bba_8b7818bf,1032932,3,55.0,0.0,221.0,1.7275921,3.7743285,0.8730159,2.1396742,41.032837,0
6bba_8b7818bf,1032933,3,35.0,29.0,135.0,1.5046993,3.5571892,0.5555556,2.5434792,68.92444,0
6bba_8b7818bf,1032934,3,37.0,28.0,221.0,1.457194,4.426441,0.5873016,2.5434792,68.92444,0
6bba_8b7818bf,1032935,3,26.0,60.0,39.0,1.324583,4.2041016,0.41269842,2.5434792,68.92444,0
6bba_8b7818bf,1032936,3,25.0,49.0,199.0,1.1238104,4.7405086,0.3968254,2.5434792,68.92444,0
6bba_8b7818bf,1032937,3,52.0,8.0,251.0,1.2263064,5.5434184,0.82539684,2.5434792,68.92444,0
6bba_8b7818bf,1032938,3,48.0,15.0,32.0,1.1172476,4.0484676,0.7619048,2.5434792,68.92444,0
6bba_8b7818bf,1032939,3,16.0,71.0,108.0,1.0485011,4.369521,0.25396827,2.5434792,68.92444,0
6bba_8b7818bf,1032940,3,47.0,8.0,176.0,1.1156262,3.4016833,0.74603176,2.5434792,68.92444,0
6bba_8b7818bf,1032941,3,3.0,104.0,124.0,1.2025976,2.962699,0.04761905,2.5401762,68.65625,0
6bba_8b7818bf,1032942,3,30.0,43.0,255.0,0.94517326,5.628173,0.47619048,2.1396742,41.032837,0
6bba_8b7818bf,1032943,4,27.0,46.0,159.0,2.1029851,3.962324,0.42857143,2.5434792,68.92444,0
6bba_8b7818bf,1032944,4,41.0,21.0,197.0,2.136068,3.8648458,0.6507937,2.5434792,68.92444,0
6bba_8b7818bf,1032945,4,0.0,108.0,192.0,1.9952668,3.6228538,0.0,2.1396742,41.032837,0
6bba_8b7818bf,1032946,4,8.0,90.0,169.0,1.4815403,8.062112,0.12698413,2.5434792,68.92444,0
6bba_8b7818bf,1032947,4,18.0,65.0,150.0,1.7078927,3.3352814,0.2857143,2.5434792,68.92444,0
6bba_8b7818bf,1032948,4,39.0,25.0,103.0,1.7035768,3.4033916,0.61904764,2.5434792,68.92444,0
6bba_8b7818bf,1032949,4,35.0,31.0,133.0,1.6514496,3.4517548,0.5555556,2.5434792,68.92444,0
6bba_8b7818bf,1032950,4,8.0,88.0,138.0,1.1673198,7.912271,0.12698413,2.5434792,68.92444,0
6bba_8b7818bf,1032951,4,12.0,84.0,223.0,1.4473201,3.0423357,0.1904762,2.5434792,68.92444,1
6bba_8b7818bf,1032952,4,11.0,84.0,216.0,1.4624323,2.9204116,0.17460318,2.5434792,68.92444,1
6bba_8b7818bf,1032953,4,56.0,0.0,222.0,1.5684355,3.613213,0.8888889,2.1396742,41.032837,0
6bba_8b7818bf,1032954,4,27.0,60.0,37.0,1.3710061,4.494385,0.42857143,2.5434792,68.92444,0
6bba_8b7818bf,1032955,4,52.0,10.0,251.0,1.4050255,6.9610553,0.82539684,2.5434792,68.92444,0
6bba_8b7818bf,1032956,4,0.0,110.0,245.0,1.4693607,2.5161927,0.0,2.1396742,41.032837,1
6bba_8b7818bf,1032957,4,37.0,28.0,218.0,1.339275,3.644014,0.5873016,2.5434792,68.92444,0
6bba_8b7818bf,1032958,4,25.0,51.0,198.0,1.2205248,5.3471403,0.3968254,2.5434792,68.92444,0
6bba_8b7818bf,1032959,4,4.0,105.0,244.0,1.3749429,2.7188377,0.06349207,2.5401762,68.65625,1
6bba_8b7818bf,1032960,4,53.0,0.0,131.0,1.2817593,2.843584,0.84126985,2.1396742,41.032837,1
6bba_8b7818bf,1032961,4,22.0,65.0,79.0,1.129035,3.4586523,0.34920636,2.5434792,68.92444,0
6bba_8b7818bf,1032962,4,48.0,8.0,173.0,1.1429092,3.254607,0.7619048,2.5434792,68.92444,0
6bba_8b7818bf,1032963,4,29.0,47.0,255.0,0.9998619,5.659051,0.46031746,2.1396742,41.032837,0
6bba_8b7818bf,1032964,4,14.0,77.0,108.0,1.0445141,4.1159844,0.22222222,2.5434792,68.92444,0
6bba_8b7818bf,1032965,4,50.0,13.0,38.0,1.0238578,3.8958275,0.7936508,2.5434792,68.92444,0
6bba_8b7818bf,1032966,4,5.0,102.0,124.0,1.187492,2.9206407,0.07936508,2.5401762,68.65625,1
6bba_8b7818bf,1032967,4,39.0,37.0,11.0,1.0985321,2.3494365,0.61904764,2.5434792,68.92444,1
6bba_8b7818bf,1032968,4,52.0,117.0,142.0,1.0284156,3.1274347,0.82539684,2.5434792,68.92444,0
6bba_8b7818bf,1032969,4,0.0,138.0,13.0,0.71496516,4.049733,0.0,2.0317688,35.13269,0
6bba_8b7818bf,1032970,4,10.0,91.0,83.0,0.8635803,3.2836945,0.15873016,2.5434792,68.92444,0
6bba_8b7818bf,1032971,4,5.0,104.0,113.0,0.93061876,2.1918635,0.07936508,2.5368643,68.38806,1
6bba_8b7818bf,1032972,4,33.0,48.0,3.0,1.1142945,2.1711814,0.52380955,2.5401762,68.65625,1
6bba_8b7818bf,1032973,4,25.0,50.0,225.0,0.8618129,3.49196,0.3968254,2.5434792,68.92444,0
6bba_8b7818bf,1032974,4,50.0,7.0,139.0,0.93797153,2.4727664,0.7936508,2.5401762,68.65625,1
6bba_8b7818bf,1032975,4,9.0,95.0,65.0,0.92400575,3.013778,0.14285715,2.5434792,68.92444,0
6bba_8b7818bf,1032976,4,37.0,32.0,52.0,0.83018214,3.0415199,0.5873016,2.5434792,68.92444,0
6bba_8b7818bf,1032977,4,10.0,100.0,32.0,0.8387955,2.992961,0.15873016,2.5434792,68.92444,0
6bba_8b7818bf,1032978,5,27.0,46.0,159.0,2.1029851,3.962324,0.42857143,2.5434792,68.92444,0
6bba_8b7818bf,1032979,5,41.0,21.0,197.0,2.136068,3.8648458,0.6507937,2.5434792,68.92444,0
6bba_8b7818bf,1032980,5,0.0,108.0,192.0,1.9952668,3.6228538,0.0,2.1396742,41.032837,0
6bba_8b7818bf,1032981,5,8.0,90.0,169.0,1.4815403,8.062112,0.12698413,2.5434792,68.92444,0
6bba_8b7818bf,1032982,5,18.0,65.0,150.0,1.7078927,3.3352814,0.2857143,2.5434792,68.92444,0
6bba_8b7818bf,1032983,5,39.0,25.0,103.0,1.7035768,3.4033916,0.61904764,2.5434792,68.92444,0
6bba_8b7818bf,1032984,5,35.0,31.0,133.0,1.6514496,3.4517548,0.5555556,2.5434792,68.92444,0
6bba_8b7818bf,1032985,5,8.0,88.0,138.0,1.1673198,7.912271,0.12698413,2.5434792,68.92444,0
6bba_8b7818bf,1032986,5,12.0,84.0,223.0,1.4473201,3.0423357,0.1904762,2.5434792,68.92444,1
6bba_8b7818bf,1032987,5,11.0,84.0,216.0,1.4624323,2.9204116,0.17460318,2.5434792,68.92444,1
6bba_8b7818bf,1032988,5,56.0,0.0,222.0,1.5684355,3.613213,0.8888889,2.1396742,41.032837,0
6bba_8b7818bf,1032989,5,27.0,60.0,37.0,1.3710061,4.494385,0.42857143,2.5434792,68.92444,0
6bba_8b7818bf,1032990,5,52.0,10.0,251.0,1.4050255,6.9610553,0.82539684,2.5434792,68.92444,0
6bba_8b7818bf,1032991,5,0.0,110.0,245.0,1.4693607,2.5161927,0.0,2.1396742,41.032837,1
6bba_8b7818bf,1032992,5,37.0,28.0,218.0,1.339275,3.644014,0.5873016,2.5434792,68.92444,0
6bba_8b7818bf,1032993,5,25.0,51.0,198.0,1.2205248,5.3471403,0.3968254,2.5434792,68.92444,0
6bba_8b7818bf,1032994,5,4.0,105.0,244.0,1.3749429,2.7188377,0.06349207,2.5401762,68.65625,1
6bba_8b7818bf,1032995,5,53.0,0.0,131.0,1.2817593,2.843584,0.84126985,2.1396742,41.032837,1
6bba_8b7818bf,1032996,5,22.0,65.0,79.0,1.129035,3.4586523,0.34920636,2.5434792,68.92444,0
6bba_8b7818bf,1032997,5,48.0,8.0,173.0,1.1429092,3.254607,0.7619048,2.5434792,68.92444,0
6bba_8b7818bf,1032998,5,29.0,47.0,255.0,0.9998619,5.659051,0.46031746,2.1396742,41.032837,0
6bba_8b7818bf,1032999,5,14.0,77.0,108.0,1.0445141,4.1159844,0.22222222,2.5434792,68.92444,0
6bba_8b7818bf,1033000,5,50.0,13.0,38.0,1.0238578,3.8958275,0.7936508,2.5434792,68.92444,0
6bba_8b7818bf,1033001,5,5.0,102.0,124.0,1.187492,2.9206407,0.07936508,2.5401762,68.65625,1
6bba_8b7818bf,1033002,5,39.0,37.0,11.0,1.0985321,2.3494365,0.61904764,2.5434792,68.92444,1
6bba_8b7818bf,1033003,5,52.0,117.0,142.0,1.0284156,3.1274347,0.82539684,2.5434792,68.92444,0
6bba_8b7818bf,1033004,5,0.0,138.0,13.0,0.71496516,4.049733,0.0,2.0317688,35.13269,0
6bba_8b7818bf,1033005,5,10.0,91.0,83.0,0.8635803,3.2836945,0.15873016,2.5434792,68.92444,0
6bba_8b7818bf,1033006,5,5.0,104.0,113.0,0.93061876,2.1918635,0.07936508,2.5368643,68.38806,1
6bba_8b7818bf,1033007,5,33.0,48.0,3.0,1.1142945,2.1711814,0.52380955,2.5401762,68.65625,1
6bba_8b7818bf,1033008,5,25.0,50.0,225.0,0.8618129,3.49196,0.3968254,2.5434792,68.92444,0
6bba_8b7818bf,1033009,5,50.0,7.0,139.0,0.93797153,2.4727664,0.7936508,2.5401762,68.65625,1
6bba_8b7818bf,1033010,5,9.0,95.0,65.0,0.92400575,3.013778,0.14285715,2.5434792,68.92444,0
6bba_8b7818bf,1033011,5,37.0,32.0,52.0,0.83018214,3.0415199,0.5873016,2.5434792,68.92444,0
6bba_8b7818bf,1033012,5,10.0,100.0,32.0,0.8387955,2.992961,0.15873016,2.5434792,68.92444,0
6bba_8b7818bf,1033013,6,11.0,84.0,210.0,2.0567856,9.894228,0.17460318,2.5434792,68.92444,0
6bba_8b7818bf,1033014,6,10.0,89.0,246.0,1.9573218,9.763313,0.15873016,2.5434792,68.92444,0
6bba_8b7818bf,1033015,6,41.0,22.0,203.0,2.4199183,3.9509783,0.6507937,2.5434792,68.92444,0
6bba_8b7818bf,1033016,6,9.0,86.0,178.0,1.7841152,11.179625,0.14285715,2.5434792,68.92444,0
6bba_8b7818bf,1033017,6,27.0,46.0,163.0,2.0421941,3.932452,0.42857143,2.5434792,68.92444,0
6bba_8b7818bf,1033018,6,52.0,1.0,136.0,2.0996764,3.5329156,0.82539684,2.3316977,53.10132,0
6bba_8b7818bf,1033019,6,39.0,25.0,113.0,1.8708007,3.7545495,0.61904764,2.5434792,68.92444,0
6bba_8b7818bf,1033020,6,38.0,29.0,224.0,1.7767806,4.857801,0.6031746,2.5434792,68.92444,0
6bba_8b7818bf,1033021,6,0.0,110.0,192.0,1.7403189,3.102239,0.0,2.1396742,41.032837,0
6bba_8b7818bf,1033022,6,34.0,33.0,133.0,1.6494309,3.7287107,0.53968257,2.5434792,68.92444,0
6bba_8b7818bf,1033023,6,18.0,66.0,156.0,1.6318709,3.9758973,0.2857143,2.5434792,68.92444,0
6bba_8b7818bf,1033024,6,56.0,0.0,225.0,1.6870875,3.6756775,0.8888889,2.1396742,41.032837,1
6bba_8b7818bf,1033025,6,11.0,93.0,71.0,1.3920645,5.8227224,0.17460318,2.5434792,68.92444,0
6bba_8b7818bf,1033026,6,21.0,60.0,205.0,1.4445434,5.3521733,0.33333334,2.5434792,68.92444,0
6bba_8b7818bf,1033027,6,9.0,101.0,41.0,1.5268492,3.5595226,0.14285715,2.5434792,68.92444,0
6bba_8b7818bf,1033028,6,27.0,61.0,42.0,1.3739337,4.3279834,0.42857143,2.5434792,68.92444,0
6bba_8b7818bf,1033029,6,15.0,76.0,103.0,1.2832749,3.6561837,0.23809524,2.5434792,68.92444,1
6bba_8b7818bf,1033030,6,50.0,13.0,251.0,1.2644955,6.781277,0.7936508,2.5434792,68.92444,0
6bba_8b7818bf,1033031,6,36.0,34.0,71.0,1.2761458,4.4366503,0.5714286,2.5434792,68.92444,0
6bba_8b7818bf,1033032,6,16.0,75.0,108.0,1.222443,3.4779377,0.25396827,2.5401762,68.65625,1
6bba_8b7818bf,1033033,6,47.0,9.0,179.0,1.278886,4.17823,0.74603176,2.5434792,68.92444,0
6bba_8b7818bf,1033034,6,5.0,104.0,249.0,1.5155505,3.0382783,0.07936508,2.5401762,68.65625,0
6bba_8b7818bf,1033035,6,9.0,88.0,135.0,1.156834,5.0755305,0.14285715,2.5434792,68.92444,0
6bba_8b7818bf,1033036,6,0.0,138.0,20.0,1.0495182,3.6617615,0.0,2.0369256,35.40088,0
6bba_8b7818bf,1033037,6,7.0,98.0,116.0,1.2682222,2.833342,0.11111111,2.5401762,68.65625,0
6bba_8b7818bf,1033038,6,18.0,65.0,171.0,1.0816573,2.8251994,0.2857143,2.5434792,68.92444,0
6bba_8b7818bf,1033039,6,50.0,121.0,143.0,1.2257038,2.8316886,0.7936508,2.5434792,68.92444,0
6bba_8b7818bf,1033040,6,34.0,47.0,10.0,1.2781051,2.5104132,0.53968257,2.5434792,68.92444,0
6bba_8b7818bf,1033041,6,40.0,37.0,25.0,1.0761678,2.8923507,0.63492066,2.5434792,68.92444,0
6bba_8b7818bf,1033042,6,22.0,65.0,75.0,1.0033156,3.259326,0.34920636,2.5434792,68.92444,1
6bba_8b7818bf,1033043,6,29.0,49.0,255.0,0.918876,5.8673534,0.46031746,2.1396742,41.032837,0
6bba_8b7818bf,1033044,6,0.0,125.0,64.0,0.93332106,3.5878081,0.0,2.1396742,41.032837,0
6bba_8b7818bf,1033045,6,23.0,64.0,86.0,0.98169106,2.74156,0.36507937,2.5401762,68.65625,1
6bba_8b7818bf,1033046,6,44.0,34.0,0.0,0.93453324,3.6603112,0.6984127,2.1396742,41.032837,0
6bba_8b7818bf,1033047,6,25.0,51.0,228.0,0.95263606,3.2559402,0.3968254,2.5434792,68.92444,0
6bba_8b7818bf,1033048,6,27.0,46.0,91.0,0.932852,3.2434242,0.42857143,2.5434792,68.92444,0
6bba_8b7818bf,1033049,6,13.0,109.0,0.0,0.71603143,4.7681956,0.20634921,2.120863,39.960083,0
6bba_8b7818bf,1033050,6,48.0,9.0,218.0,1.1514359,1.9662361,0.7619048,2.5434792,68.92444,1
6bba_8b7818bf,1033051,6,49.0,14.0,47.0,0.8631419,3.502902,0.7777778,2.5434792,68.92444,0
6bba_8b7818bf,1033052,7,11.0,84.0,210.0,2.0567856,9.894228,0.17460318,2.5434792,68.92444,0
6bba_8b7818bf,1033053,7,10.0,89.0,246.0,1.9573218,9.763313,0.15873016,2.5434792,68.92444,0
6bba_8b7818bf,1033054,7,41.0,22.0,203.0,2.4199183,3.9509783,0.6507937,2.5434792,68.92444,0
6bba_8b7818bf,1033055,7,9.0,86.0,178.0,1.7841152,11.179625,0.14285715,2.5434792,68.92444,0
6bba_8b7818bf,1033056,7,27.0,46.0,163.0,2.0421941,3.932452,0.42857143,2.5434792,68.92444,0
6bba_8b7818bf,1033057,7,52.0,1.0,136.0,2.0996764,3.5329156,0.82539684,2.3316977,53.10132,0
6bba_8b7818bf,1033058,7,39.0,25.0,113.0,1.8708007,3.7545495,0.61904764,2.5434792,68.92444,0
6bba_8b7818bf,1033059,7,38.0,29.0,224.0,1.7767806,4.857801,0.6031746,2.5434792,68.92444,0
6bba_8b7818bf,1033060,7,0.0,110.0,192.0,1.7403189,3.102239,0.0,2.1396742,41.032837,0
6bba_8b7818bf,1033061,7,34.0,33.0,133.0,1.6494309,3.7287107,0.53968257,2.5434792,68.92444,0
6bba_8b7818bf,1033062,7,18.0,66.0,156.0,1.6318709,3.9758973,0.2857143,2.5434792,68.92444,0
6bba_8b7818bf,1033063,7,56.0,0.0,225.0,1.6870875,3.6756775,0.8888889,2.1396742,41.032837,1
6bba_8b7818bf,1033064,7,11.0,93.0,71.0,1.3920645,5.8227224,0.17460318,2.5434792,68.92444,0
6bba_8b7818bf,1033065,7,21.0,60.0,205.0,1.4445434,5.3521733,0.33333334,2.5434792,68.92444,0
6bba_8b7818bf,1033066,7,9.0,101.0,41.0,1.5268492,3.5595226,0.14285715,2.5434792,68.92444,0
6bba_8b7818bf,1033067,7,27.0,61.0,42.0,1.3739337,4.3279834,0.42857143,2.5434792,68.92444,0
6bba_8b7818bf,1033068,7,15.0,76.0,103.0,1.2832749,3.6561837,0.23809524,2.5434792,68.92444,1
6bba_8b7818bf,1033069,7,50.0,13.0,251.0,1.2644955,6.781277,0.7936508,2.5434792,68.92444,0
6bba_8b7818bf,1033070,7,36.0,34.0,71.0,1.2761458,4.4366503,0.5714286,2.5434792,68.92444,0
6bba_8b7818bf,1033071,7,16.0,75.0,108.0,1.222443,3.4779377,0.25396827,2.5401762,68.65625,1
6bba_8b7818bf,1033072,7,47.0,9.0,179.0,1.278886,4.17823,0.74603176,2.5434792,68.92444,0
6bba_8b7818bf,1033073,7,5.0,104.0,249.0,1.5155505,3.0382783,0.07936508,2.5401762,68.65625,0
6bba_8b7818bf,1033074,7,9.0,88.0,135.0,1.156834,5.0755305,0.14285715,2.5434792,68.92444,0
6bba_8b7818bf,1033075,7,0.0,138.0,20.0,1.0495182,3.6617615,0.0,2.0369256,35.40088,0
6bba_8b7818bf,1033076,7,7.0,98.0,116.0,1.2682222,2.833342,0.11111111,2.5401762,68.65625,0
6bba_8b7818bf,1033077,7,18.0,65.0,171.0,1.0816573,2.8251994,0.2857143,2.5434792,68.92444,0
6bba_8b7818bf,1033078,7,50.0,121.0,143.0,1.2257038,2.8316886,0.7936508,2.5434792,68.92444,0
6bba_8b7818bf,1033079,7,34.0,47.0,10.0,1.2781051,2.5104132,0.53968257,2.5434792,68.92444,0
6bba_8b7818bf,1033080,7,40.0,37.0,25.0,1.0761678,2.8923507,0.63492066,2.5434792,68.92444,0
6bba_8b7818bf,1033081,7,22.0,65.0,75.0,1.0033156,3.259326,0.34920636,2.5434792,68.92444,1
6bba_8b7818bf,1033082,7,29.0,49.0,255.0,0.918876,5.8673534,0.46031746,2.1396742,41.032837,0
6bba_8b7818bf,1033083,7,0.0,125.0,64.0,0.93332106,3.5878081,0.0,2.1396742,41.032837,0
6bba_8b7818bf,1033084,7,23.0,64.0,86.0,0.98169106,2.74156,0.36507937,2.5401762,68.65625,1
6bba_8b7818bf,1033085,7,44.0,34.0,0.0,0.93453324,3.6603112,0.6984127,2.1396742,41.032837,0
6bba_8b7818bf,1033086,7,25.0,51.0,228.0,0.95263606,3.2559402,0.3968254,2.5434792,68.92444,0
6bba_8b7818bf,1033087,7,27.0,46.0,91.0,0.932852,3.2434242,0.42857143,2.5434792,68.92444,0
6bba_8b7818bf,1033088,7,13.0,109.0,0.0,0.71603143,4.7681956,0.20634921,2.120863,39.960083,0
6bba_8b7818bf,1033089,7,48.0,9.0,218.0,1.1514359,1.9662361,0.7619048,2.5434792,68.92444,1
6bba_8b7818bf,1033090,7,49.0,14.0,47.0,0.8631419,3.502902,0.7777778,2.5434792,68.92444,0
6bba_8b7818bf,1033091,8,27.0,47.0,162.0,1.9973238,3.8348165,0.42857143,2.5434792,68.92444,0
6bba_8b7818bf,1033092,8,40.0,24.0,203.0,1.9377751,3.966325,0.63492066,2.5434792,68.92444,0
6bba_8b7818bf,1033093,8,55.0,0.0,219.0,1.9566727,3.6479747,0.8730159,2.1396742,41.032837,1
6bba_8b7818bf,1033094,8,51.0,4.0,136.0,2.0473275,3.3740244,0.8095238,2.5434792,68.92444,0
6bba_8b7818bf,1033095,8,40.0,25.0,105.0,1.7528862,4.4396324,0.63492066,2.5434792,68.92444,0
6bba_8b7818bf,1033096,8,37.0,31.0,225.0,1.707244,5.0979657,0.5873016,2.5434792,68.92444,0
6bba_8b7818bf,1033097,8,19.0,65.0,151.0,1.7583895,3.6965382,0.3015873,2.5401762,68.65625,0
6bba_8b7818bf,1033098,8,9.0,87.0,177.0,1.3530352,8.286863,0.14285715,2.5434792,68.92444,0
6bba_8b7818bf,1033099,8,0.0,111.0,190.0,1.4960263,3.478549,0.0,2.1396742,41.032837,0
6bba_8b7818bf,1033100,8,26.0,64.0,40.0,1.4522114,5.123253,0.41269842,2.5434792,68.92444,0
6bba_8b7818bf,1033101,8,13.0,80.0,202.0,1.3634981,5.9988213,0.20634921,2.5401762,68.65625,0
6bba_8b7818bf,1033102,8,44.0,34.0,0.0,1.4901346,6.212552,0.6984127,2.1396742,41.032837,0
6bba_8b7818bf,1033103,8,10.0,90.0,250.0,1.2928884,9.35902,0.15873016,2.5434792,68.92444,0
6bba_8b7818bf,1033104,8,17.0,74.0,100.0,1.4281389,3.7852407,0.26984128,2.5434792,68.92444,0
6bba_8b7818bf,1033105,8,4.0,109.0,255.0,1.7369432,2.9751782,0.06349207,2.1350024,40.76465,0
6bba_8b7818bf,1033106,8,33.0,36.0,129.0,1.4312445,3.7095516,0.52380955,2.5434792,68.92444,0
6bba_8b7818bf,1033107,8,23.0,64.0,72.0,1.3435633,5.767986,0.36507937,2.5434792,68.92444,0
6bba_8b7818bf,1033108,8,8.0,105.0,36.0,1.4801565,3.2757897,0.12698413,2.5434792,68.92444,0
6bba_8b7818bf,1033109,8,46.0,10.0,175.0,1.2986153,4.2794323,0.73015875,2.5434792,68.92444,0
6bba_8b7818bf,1033110,8,50.0,122.0,146.0,1.4279562,2.7090042,0.7936508,2.5434792,68.92444,0
6bba_8b7818bf,1033111,8,0.0,138.0,20.0,1.1721671,4.2924304,0.0,2.1350024,40.76465,0
6bba_8b7818bf,1033112,8,10.0,88.0,117.0,1.1359996,3.9936702,0.15873016,2.5434792,68.92444,2
6bba_8b7818bf,1033113,8,0.0,123.0,66.0,1.1384592,2.9651697,0.0,2.1396742,41.032837,0
6bba_8b7818bf,1033114,8,20.0,62.0,205.0,1.1561534,4.2049937,0.31746033,2.5434792,68.92444,0
6bba_8b7818bf,1033115,8,6.0,101.0,113.0,1.1962467,2.8848448,0.0952381,2.5368643,68.38806,2
6bba_8b7818bf,1033116,8,49.0,14.0,247.0,1.0484782,5.273945,0.7777778,2.5434792,68.92444,0
6bba_8b7818bf,1033117,8,35.0,35.0,70.0,1.0918187,4.04534,0.5555556,2.5434792,68.92444,0
6bba_8b7818bf,1033118,8,11.0,93.0,71.0,1.0300186,3.5506806,0.17460318,2.5434792,68.92444,0
6bba_8b7818bf,1033119,8,33.0,49.0,10.0,1.1727955,2.5324202,0.52380955,2.5434792,68.92444,0
6bba_8b7818bf,1033120,8,51.0,14.0,41.0,0.9963008,3.2145193,0.8095238,2.5434792,68.92444,0
6bba_8b7818bf,1033121,8,50.0,124.0,184.0,0.99402636,2.964779,0.7936508,2.5434792,68.92444,0
6bba_8b7818bf,1033122,8,6.0,100.0,124.0,1.0687464,2.0913665,0.0952381,2.5235295,67.31531,2
6bba_8b7818bf,1033123,8,40.0,38.0,23.0,1.0114448,2.7502866,0.63492066,2.5434792,68.92444,0
6bba_8b7818bf,1033124,8,25.0,51.0,230.0,0.9606922,2.824317,0.3968254,2.5434792,68.92444,0
6bba_8b7818bf,1033125,8,28.0,51.0,255.0,0.8149376,5.260303,0.44444445,2.1396742,41.032837,0
6bba_8b7818bf,1033126,8,46.0,123.0,80.0,0.96697176,2.0573254,0.73015875,2.5434792,68.92444,1
6bba_8b7818bf,1033127,8,47.0,10.0,217.0,1.1575372,1.5704883,0.74603176,2.5434792,68.92444,1
6bba_8b7818bf,1033128,8,46.0,123.0,65.0,1.0210035,1.8715757,0.73015875,2.5434792,68.92444,1
6bba_8b7818bf,1033129,8,27.0,48.0,90.0,0.78698325,3.3666656,0.42857143,2.5434792,68.92444,0
6bba_8b7818bf,1033130,9,40.0,24.0,201.0,1.9684377,3.8407886,0.63492066,2.5434792,68.92444,0
6bba_8b7818bf,1033131,9,37.0,31.0,225.0,1.9226265,5.1625724,0.5873016,2.5434792,68.92444,0
6bba_8b7818bf,1033132,9,49.0,7.0,137.0,1.9756261,3.9524384,0.7777778,2.5434792,68.92444,0
6bba_8b7818bf,1033133,9,27.0,47.0,161.0,1.8268939,3.9767423,0.42857143,2.5434792,68.92444,0
6bba_8b7818bf,1033134,9,54.0,0.0,217.0,1.9895669,3.675961,0.85714287,2.1396742,41.032837,1
6bba_8b7818bf,1033135,9,37.0,29.0,106.0,1.7201321,3.7141464,0.5873016,2.5434792,68.92444,0
6bba_8b7818bf,1033136,9,19.0,65.0,150.0,1.6882457,3.3528836,0.3015873,2.5434792,68.92444,0
6bba_8b7818bf,1033137,9,12.0,81.0,200.0,1.5208664,6.8468204,0.1904762,2.5434792,68.92444,0
6bba_8b7818bf,1033138,9,9.0,87.0,177.0,1.3325387,7.5449467,0.14285715,2.5434792,68.92444,0
6bba_8b7818bf,1033139,9,0.0,111.0,190.0,1.4569716,3.3470356,0.0,2.1396742,41.032837,0
6bba_8b7818bf,1033140,9,8.0,105.0,37.0,1.645686,3.5789895,0.12698413,2.5434792,68.92444,0
6bba_8b7818bf,1033141,9,25.0,65.0,42.0,1.3980973,4.913262,0.3968254,2.5434792,68.92444,0
6bba_8b7818bf,1033142,9,44.0,35.0,0.0,1.4901731,4.0674834,0.6984127,2.1350024,40.76465,0
6bba_8b7818bf,1033143,9,3.0,109.0,255.0,1.6959939,2.8214333,0.04761905,2.1350024,40.76465,0
6bba_8b7818bf,1033144,9,46.0,10.0,175.0,1.2917192,4.433474,0.73015875,2.5434792,68.92444,0
6bba_8b7818bf,1033145,9,9.0,97.0,78.0,1.0565252,8.917081,0.14285715,2.5401762,68.65625,0
6bba_8b7818bf,1033146,9,49.0,122.0,146.0,1.4057196,2.9173925,0.7777778,2.5434792,68.92444,0
6bba_8b7818bf,1033147,9,33.0,36.0,128.0,1.3622011,3.3917634,0.52380955,2.5434792,68.92444,0
6bba_8b7818bf,1033148,9,10.0,90.0,255.0,1.2350794,5.0943637,0.15873016,2.1396742,41.032837,0
6bba_8b7818bf,1033149,9,13.0,92.0,57.0,1.1424984,6.0361123,0.20634921,2.5401762,68.65625,0
6bba_8b7818bf,1033150,9,16.0,76.0,89.0,1.2511098,3.8083057,0.25396827,2.5434792,68.92444,0
6bba_8b7818bf,1033151,9,23.0,63.0,70.0,1.2159534,4.3865433,0.36507937,2.5434792,68.92444,0
6bba_8b7818bf,1033152,9,0.0,122.0,67.0,1.1331124,2.8302276,0.0,2.1396742,41.032837,0
6bba_8b7818bf,1033153,9,20.0,62.0,205.0,1.1309667,4.15022,0.31746033,2.5434792,68.92444,0
6bba_8b7818bf,1033154,9,35.0,36.0,73.0,1.144389,3.9874945,0.5555556,2.5434792,68.92444,0
6bba_8b7818bf,1033155,9,10.0,88.0,115.0,1.0511043,4.347152,0.15873016,2.5434792,68.92444,1
6bba_8b7818bf,1033156,9,0.0,139.0,19.0,1.006022,4.0621,0.0,2.1350024,40.76465,0
6bba_8b7818bf,1033157,9,6.0,102.0,113.0,1.1369586,3.1071293,0.0952381,2.5401762,68.65625,3
6bba_8b7818bf,1033158,9,51.0,14.0,41.0,1.0164729,3.0810616,0.8095238,2.5434792,68.92444,0
6bba_8b7818bf,1033159,9,40.0,37.0,26.0,1.050296,3.366477,0.63492066,2.5434792,68.92444,0
6bba_8b7818bf,1033160,9,32.0,34.0,171.0,1.0818491,2.428722,0.50793654,2.5434792,68.92444,0
6bba_8b7818bf,1033161,9,33.0,50.0,11.0,1.1355199,2.5130165,0.52380955,2.5434792,68.92444,0
6bba_8b7818bf,1033162,9,49.0,15.0,248.0,0.9368709,4.7909355,0.7777778,2.5434792,68.92444,0
6bba_8b7818bf,1033163,9,46.0,11.0,218.0,1.2045816,1.9475868,0.73015875,2.5434792,68.92444,1
6bba_8b7818bf,1033164,9,50.0,123.0,185.0,0.93771577,2.9335866,0.7936508,2.5434792,68.92444,0
6bba_8b7818bf,1033165,9,27.0,53.0,255.0,0.7987511,5.658595,0.42857143,2.1396742,41.032837,0
6bba_8b7818bf,1033166,9,6.0,100.0,124.0,0.97258455,2.061585,0.0952381,2.5401762,68.65625,2
6bba_8b7818bf,1033167,9,5.0,101.0,126.0,0.97838,2.387271,0.07936508,2.5434792,68.92444,2
6bba_8b7818bf,1033168,9,25.0,52.0,231.0,0.8930738,2.7186742,0.3968254,2.5434792,68.92444,0
6bba_8b7818bf,1033169,9,46.0,123.0,67.0,1.0050509,1.8960081,0.73015875,2.5434792,68.92444,0
6bba_8b7818bf,1033170,9,46.0,124.0,82.0,0.95087326,1.9947344,0.73015875,2.5434792,68.92444,0
6bba_8b7818bf,1033171,9,49.0,9.0,97.0,0.83218706,2.9596736,0.7777778,2.5434792,68.92444,0
6bba_8b7818bf,1033172,9,26.0,48.0,91.0,0.79297054,3.251526,0.41269842,2.5434792,68.92444,0
6bba_8b7818bf,1033173,10,40.0,24.0,201.0,1.9684377,3.8407886,0.63492066,2.5434792,68.92444,0
6bba_8b7818bf,1033174,10,37.0,31.0,225.0,1.9226265,5.1625724,0.5873016,2.5434792,68.92444,0
6bba_8b7818bf,1033175,10,49.0,7.0,137.0,1.9756261,3.9524384,0.7777778,2.5434792,68.92444,0
6bba_8b7818bf,1033176,10,27.0,47.0,161.0,1.8268939,3.9767423,0.42857143,2.5434792,68.92444,0
6bba_8b7818bf,1033177,10,54.0,0.0,217.0,1.9895669,3.675961,0.85714287,2.1396742,41.032837,1
6bba_8b7818bf,1033178,10,37.0,29.0,106.0,1.7201321,3.7141464,0.5873016,2.5434792,68.92444,0
6bba_8b7818bf,1033179,10,19.0,65.0,150.0,1.6882457,3.3528836,0.3015873,2.5434792,68.92444,0
6bba_8b7818bf,1033180,10,12.0,81.0,200.0,1.5208664,6.8468204,0.1904762,2.5434792,68.92444,0
6bba_8b7818bf,1033181,10,9.0,87.0,177.0,1.3325387,7.5449467,0.14285715,2.5434792,68.92444,0
6bba_8b7818bf,1033182,10,0.0,111.0,190.0,1.4569716,3.3470356,0.0,2.1396742,41.032837,0
6bba_8b7818bf,1033183,10,8.0,105.0,37.0,1.645686,3.5789895,0.12698413,2.5434792,68.92444,0
6bba_8b7818bf,1033184,10,25.0,65.0,42.0,1.3980973,4.913262,0.3968254,2.5434792,68.92444,0
6bba_8b7818bf,1033185,10,44.0,35.0,0.0,1.4901731,4.0674834,0.6984127,2.1350024,40.76465,0
6bba_8b7818bf,1033186,10,3.0,109.0,255.0,1.6959939,2.8214333,0.04761905,2.1350024,40.76465,0
6bba_8b7818bf,1033187,10,46.0,10.0,175.0,1.2917192,4.433474,0.73015875,2.5434792,68.92444,0
6bba_8b7818bf,1033188,10,9.0,97.0,78.0,1.0565252,8.917081,0.14285715,2.5401762,68.65625,0
6bba_8b7818bf,1033189,10,49.0,122.0,146.0,1.4057196,2.9173925,0.7777778,2.5434792,68.92444,0
6bba_8b7818bf,1033190,10,33.0,36.0,128.0,1.3622011,3.3917634,0.52380955,2.5434792,68.92444,0
6bba_8b7818bf,1033191,10,10.0,90.0,255.0,1.2350794,5.0943637,0.15873016,2.1396742,41.032837,0
6bba_8b7818bf,1033192,10,13.0,92.0,57.0,1.1424984,6.0361123,0.20634921,2.5401762,68.65625,0
6bba_8b7818bf,1033193,10,16.0,76.0,89.0,1.2511098,3.8083057,0.25396827,2.5434792,68.92444,0
6bba_8b7818bf,1033194,10,23.0,63.0,70.0,1.2159534,4.3865433,0.36507937,2.5434792,68.92444,0
6bba_8b7818bf,1033195,10,0.0,122.0,67.0,1.1331124,2.8302276,0.0,2.1396742,41.032837,0
6bba_8b7818bf,1033196,10,20.0,62.0,205.0,1.1309667,4.15022,0.31746033,2.5434792,68.92444,0
6bba_8b7818bf,1033197,10,35.0,36.0,73.0,1.144389,3.9874945,0.5555556,2.5434792,68.92444,0
6bba_8b7818bf,1033198,10,10.0,88.0,115.0,1.0511043,4.347152,0.15873016,2.5434792,68.92444,1
6bba_8b7818bf,1033199,10,0.0,139.0,19.0,1.006022,4.0621,0.0,2.1350024,40.76465,0
6bba_8b7818bf,1033200,10,6.0,102.0,113.0,1.1369586,3.1071293,0.0952381,2.5401762,68.65625,3
6bba_8b7818bf,1033201,10,51.0,14.0,41.0,1.0164729,3.0810616,0.8095238,2.5434792,68.92444,0
6bba_8b7818bf,1033202,10,40.0,37.0,26.0,1.050296,3.366477,0.63492066,2.5434792,68.92444,0
6bba_8b7818bf,1033203,10,32.0,34.0,171.0,1.0818491,2.428722,0.50793654,2.5434792,68.92444,0
6bba_8b7818bf,1033204,10,33.0,50.0,11.0,1.1355199,2.5130165,0.52380955,2.5434792,68.92444,0
6bba_8b7818bf,1033205,10,49.0,15.0,248.0,0.9368709,4.7909355,0.7777778,2.5434792,68.92444,0
6bba_8b7818bf,1033206,10,46.0,11.0,218.0,1.2045816,1.9475868,0.73015875,2.5434792,68.92444,1
6bba_8b7818bf,1033207,10,50.0,123.0,185.0,0.93771577,2.9335866,0.7936508,2.5434792,68.92444,0
6bba_8b7818bf,1033208,10,27.0,53.0,255.0,0.7987511,5.658595,0.42857143,2.1396742,41.032837,0
6bba_8b7818bf,1033209,10,6.0,100.0,124.0,0.97258455,2.061585,0.0952381,2.5401762,68.65625,2
6bba_8b7818bf,1033210,10,5.0,101.0,126.0,0.97838,2.387271,0.07936508,2.5434792,68.92444,2
6bba_8b7818bf,1033211,10,25.0,52.0,231.0,0.8930738,2.7186742,0.3968254,2.5434792,68.92444,0
6bba_8b7818bf,1033212,10,46.0,123.0,67.0,1.0050509,1.8960081,0.73015875,2.5434792,68.92444,0
6bba_8b7818bf,1033213,10,46.0,124.0,82.0,0.95087326,1.9947344,0.73015875,2.5434792,68.92444,0
6bba_8b7818bf,1033214,10,49.0,9.0,97.0,0.83218706,2.9596736,0.7777778,2.5434792,68.92444,0
6bba_8b7818bf,1033215,10,26.0,48.0,91.0,0.79297054,3.251526,0.41269842,2.5434792,68.92444,0
6bba_8b7818bf,1033216,11,39.0,26.0,203.0,1.8863374,4.292132,0.61904764,2.5434792,68.92444,0
6bba_8b7818bf,1033217,11,37.0,30.0,98.0,1.5292377,7.750301,0.5873016,2.5434792,68.92444,0
6bba_8b7818bf,1033218,11,48.0,8.0,139.0,1.8578075,4.223572,0.7619048,2.5434792,68.92444,0
6bba_8b7818bf,1033219,11,36.0,31.0,228.0,1.7380345,4.786866,0.5714286,2.5434792,68.92444,0
6bba_8b7818bf,1033220,11,28.0,47.0,161.0,1.6786366,4.0752406,0.44444445,2.5434792,68.92444,0
6bba_8b7818bf,1033221,11,16.0,80.0,82.0,1.640918,4.4989944,0.25396827,2.5434792,68.92444,0
6bba_8b7818bf,1033222,11,23.0,63.0,77.0,1.5929651,5.7701006,0.36507937,2.5434792,68.92444,0
6bba_8b7818bf,1033223,11,12.0,80.0,198.0,1.489432,6.3518844,0.1904762,2.5434792,68.92444,0
6bba_8b7818bf,1033224,11,0.0,110.0,255.0,1.61492,2.9552567,0.0,1.7994134,24.405151,0
6bba_8b7818bf,1033225,11,41.0,24.0,123.0,1.3392156,4.294834,0.6507937,2.5401762,68.65625,1
6bba_8b7818bf,1033226,11,0.0,112.0,190.0,1.3636273,3.8930538,0.0,2.1396742,41.032837,0
6bba_8b7818bf,1033227,11,12.0,90.0,59.0,1.196192,8.867045,0.1904762,2.5434792,68.92444,0
6bba_8b7818bf,1033228,11,53.0,0.0,220.0,1.5785233,3.3494895,0.84126985,2.1396742,41.032837,0
6bba_8b7818bf,1033229,11,24.0,66.0,44.0,1.3584516,4.771506,0.3809524,2.5434792,68.92444,0
6bba_8b7818bf,1033230,11,9.0,88.0,178.0,1.1888164,6.6956387,0.14285715,2.5401762,68.65625,0
6bba_8b7818bf,1033231,11,19.0,64.0,149.0,1.4030252,3.0834203,0.3015873,2.5434792,68.92444,0
6bba_8b7818bf,1033232,11,8.0,100.0,81.0,1.0792964,8.015852,0.12698413,2.5401762,68.65625,0
6bba_8b7818bf,1033233,11,9.0,104.0,41.0,1.4673005,3.036096,0.14285715,2.5434792,68.92444,0
6bba_8b7818bf,1033234,11,0.0,122.0,66.0,1.2348416,3.179755,0.0,2.1396742,41.032837,0
6bba_8b7818bf,1033235,11,42.0,36.0,4.0,1.3131428,5.3158865,0.6666667,2.5434792,68.92444,0
6bba_8b7818bf,1033236,11,10.0,89.0,113.0,1.0455874,5.431388,0.15873016,2.5401762,68.65625,0
6bba_8b7818bf,1033237,11,34.0,38.0,76.0,1.1661552,3.7150385,0.53968257,2.5434792,68.92444,0
6bba_8b7818bf,1033238,11,9.0,92.0,255.0,0.99247444,5.3473434,0.14285715,2.1396742,41.032837,0
6bba_8b7818bf,1033239,11,20.0,86.0,0.0,1.1799841,3.3290734,0.31746033,2.1396742,41.032837,0
6bba_8b7818bf,1033240,11,20.0,63.0,208.0,1.0507573,5.0381823,0.31746033,2.5434792,68.92444,0
6bba_8b7818bf,1033241,11,33.0,37.0,126.0,1.1868116,2.98593,0.52380955,2.5434792,68.92444,1
6bba_8b7818bf,1033242,11,33.0,36.0,122.0,1.2007955,2.8341815,0.52380955,2.5434792,68.92444,2
6bba_8b7818bf,1033243,11,49.0,123.0,149.0,1.1852496,2.7474022,0.7777778,2.5434792,68.92444,0
6bba_8b7818bf,1033244,11,0.0,141.0,17.0,0.9099543,3.7133205,0.0,2.13031,40.49646,0
6bba_8b7818bf,1033245,11,45.0,12.0,176.0,1.0802553,3.5397184,0.71428573,2.5434792,68.92444,0
6bba_8b7818bf,1033246,11,30.0,33.0,179.0,1.0855665,3.2152328,0.47619048,2.5434792,68.92444,0
6bba_8b7818bf,1033247,11,5.0,104.0,116.0,1.0245565,2.9061944,0.07936508,2.5401762,68.65625,1
6bba_8b7818bf,1033248,11,41.0,37.0,27.0,1.0334119,3.3764493,0.6507937,2.5434792,68.92444,0
6bba_8b7818bf,1033249,11,48.0,15.0,250.0,0.92939025,4.6956353,0.7619048,2.5434792,68.92444,0
6bba_8b7818bf,1033250,11,32.0,52.0,12.0,1.042249,2.4597435,0.50793654,2.5434792,68.92444,0
6bba_8b7818bf,1033251,11,5.0,103.0,130.0,0.9020067,2.5023596,0.07936508,2.5368643,68.38806,1
6bba_8b7818bf,1033252,11,51.0,15.0,40.0,0.83470803,2.8762047,0.8095238,2.5434792,68.92444,0
6bba_8b7818bf,1033253,11,45.0,127.0,64.0,0.92058516,1.9918201,0.71428573,2.5434792,68.92444,0
6bba_8b7818bf,1033254,11,45.0,126.0,80.0,0.8883881,1.9732335,0.71428573,2.5434792,68.92444,0
6bba_8b7818bf,1033255,12,39.0,26.0,204.0,1.9365695,4.0633354,0.61904764,2.5434792,68.92444,0
6bba_8b7818bf,1033256,12,37.0,31.0,230.0,1.8205642,4.4769335,0.5873016,2.5434792,68.92444,0
6bba_8b7818bf,1033257,12,48.0,7.0,140.0,1.8535008,4.47577,0.7619048,2.5434792,68.92444,0
6bba_8b7818bf,1033258,12,28.0,45.0,162.0,1.7749265,3.9778645,0.44444445,2.5434792,68.92444,0
6bba_8b7818bf,1033259,12,40.0,22.0,124.0,1.4868791,3.5272088,0.63492066,2.5434792,68.92444,1
6bba_8b7818bf,1033260,12,13.0,90.0,56.0,1.2816627,8.985399,0.20634921,2.5401762,68.65625,0
6bba_8b7818bf,1033261,12,16.0,77.0,83.0,1.58727,4.912027,0.25396827,2.5434792,68.92444,0
6bba_8b7818bf,1033262,12,11.0,81.0,199.0,1.4535311,5.754515,0.17460318,2.5434792,68.92444,0
6bba_8b7818bf,1033263,12,54.0,0.0,220.0,1.5908281,3.5935354,0.85714287,2.1396742,41.032837,0
6bba_8b7818bf,1033264,12,34.0,33.0,118.0,1.5367824,3.3423605,0.53968257,2.5434792,68.92444,1
6bba_8b7818bf,1033265,12,37.0,28.0,98.0,1.2439167,7.289513,0.5873016,2.5434792,68.92444,0
6bba_8b7818bf,1033266,12,19.0,63.0,151.0,1.51756,3.3056903,0.3015873,2.5401762,68.65625,0
6bba_8b7818bf,1033267,12,20.0,85.0,0.0,1.5538449,3.1977859,0.31746033,2.1396742,41.032837,0
6bba_8b7818bf,1033268,12,25.0,63.0,44.0,1.3067901,4.895705,0.3968254,2.5434792,68.92444,0
6bba_8b7818bf,1033269,12,9.0,86.0,179.0,1.2233198,5.9314165,0.14285715,2.5434792,68.92444,0
6bba_8b7818bf,1033270,12,10.0,101.0,40.0,1.4264948,3.0935705,0.15873016,2.5434792,68.92444,0
6bba_8b7818bf,1033271,12,0.0,112.0,189.0,1.1649944,4.106824,0.0,2.1350024,40.76465,0
6bba_8b7818bf,1033272,12,34.0,38.0,74.0,1.2989395,3.6227496,0.53968257,2.5434792,68.92444,0
6bba_8b7818bf,1033273,12,24.0,58.0,90.0,1.1821213,4.1508675,0.3809524,2.5434792,68.92444,1
6bba_8b7818bf,1033274,12,44.0,33.0,6.0,1.3732395,5.532902,0.6984127,2.5434792,68.92444,0
6bba_8b7818bf,1033275,12,49.0,121.0,149.0,1.3552685,2.6761835,0.7777778,2.5434792,68.92444,0
6bba_8b7818bf,1033276,12,23.0,66.0,68.0,1.0500859,7.109908,0.36507937,2.5401762,68.65625,0
6bba_8b7818bf,1033277,12,3.0,108.0,255.0,1.5170883,2.7729757,0.04761905,2.1350024,40.76465,0
6bba_8b7818bf,1033278,12,7.0,100.0,83.0,0.95486015,9.524097,0.11111111,2.5434792,68.92444,0
6bba_8b7818bf,1033279,12,0.0,120.0,71.0,1.0774494,3.006681,0.0,2.1396742,41.032837,0
6bba_8b7818bf,1033280,12,49.0,14.0,250.0,1.1029394,4.7715893,0.7777778,2.5434792,68.92444,0
6bba_8b7818bf,1033281,12,10.0,88.0,109.0,0.96329534,6.023641,0.15873016,2.5401762,68.65625,0
6bba_8b7818bf,1033282,12,33.0,31.0,181.0,1.14285,3.236094,0.52380955,2.5434792,68.92444,0
6bba_8b7818bf,1033283,12,19.0,63.0,208.0,1.0078278,4.4627433,0.3015873,2.5434792,68.92444,0
6bba_8b7818bf,1033284,12,33.0,50.0,11.0,1.1773579,2.7971196,0.52380955,2.5434792,68.92444,0
6bba_8b7818bf,1033285,12,4.0,103.0,131.0,1.1208874,2.6890671,0.06349207,2.5401762,68.65625,1
6bba_8b7818bf,1033286,12,42.0,33.0,31.0,0.9677025,3.1563904,0.6666667,2.5434792,68.92444,0
6bba_8b7818bf,1033287,12,44.0,12.0,170.0,0.98160434,2.75069,0.6984127,2.5434792,68.92444,0
6bba_8b7818bf,1033288,12,24.0,52.0,234.0,0.94493157,3.1476567,0.3809524,2.5434792,68.92444,0
6bba_8b7818bf,1033289,12,1.0,107.0,123.0,1.0762733,1.9150832,0.015873017,2.3316977,53.10132,1
6bba_8b7818bf,1033290,12,45.0,123.0,83.0,0.99889934,2.2396715,0.71428573,2.5434792,68.92444,0
6bba_8b7818bf,1033291,12,44.0,13.0,222.0,1.0662209,2.3576462,0.6984127,2.5434792,68.92444,0
6bba_8b7818bf,1033292,12,45.0,123.0,66.0,0.98990244,2.0854325,0.71428573,2.5434792,68.92444,0
6bba_8b7818bf,1033293,12,49.0,124.0,187.0,0.9335142,2.592112,0.7777778,2.5434792,68.92444,0
6bba_8b7818bf,1033294,12,26.0,54.0,255.0,0.7120271,5.0097456,0.41269842,2.1396742,41.032837,0
6bba_8b7818bf,1033295,12,0.0,143.0,13.0,0.6372166,3.0813055,0.0,2.0317688,35.13269,0
6bba_8b7818bf,1033296,12,26.0,48.0,90.0,0.90322614,1.9059031,0.41269842,2.5401762,68.65625,1
6bba_8b7818bf,1033297,12,51.0,14.0,36.0,0.80021834,2.8290515,0.8095238,2.5434792,68.92444,0
6bba_8b7818bf,1033298,12,48.0,9.0,104.0,0.77664363,2.8366814,0.7619048,2.5434792,68.92444,0
6bba_8b7818bf,1033299,12,10.0,110.0,0.0,0.74875724,5.1585016,0.15873016,2.1396742,41.032837,0
6bba_8b7818bf,1033300,13,39.0,26.0,203.0,1.9171554,4.018916,0.61904764,2.5434792,68.92444,0
6bba_8b7818bf,1033301,13,49.0,8.0,140.0,1.8926399,3.926613,0.7777778,2.5434792,68.92444,0
6bba_8b7818bf,1033302,13,37.0,30.0,98.0,1.5027082,9.360056,0.5873016,2.5434792,68.92444,0
6bba_8b7818bf,1033303,13,16.0,80.0,82.0,1.6933879,4.689939,0.25396827,2.5434792,68.92444,0
6bba_8b7818bf,1033304,13,37.0,31.0,228.0,1.7100208,5.0596957,0.5873016,2.5434792,68.92444,1
6bba_8b7818bf,1033305,13,23.0,63.0,77.0,1.626185,5.9249606,0.36507937,2.5434792,68.92444,0
6bba_8b7818bf,1033306,13,27.0,47.0,161.0,1.6657623,3.8607752,0.42857143,2.5434792,68.92444,0
6bba_8b7818bf,1033307,13,12.0,81.0,199.0,1.5238395,6.1435614,0.1904762,2.5434792,68.92444,0
6bba_8b7818bf,1033308,13,54.0,0.0,222.0,1.6460999,3.942582,0.85714287,2.1396742,41.032837,0
6bba_8b7818bf,1033309,13,40.0,24.0,123.0,1.4514121,3.7244678,0.63492066,2.5434792,68.92444,1
6bba_8b7818bf,1033310,13,9.0,88.0,178.0,1.3033924,7.6582284,0.14285715,2.5401762,68.65625,0
6bba_8b7818bf,1033311,13,0.0,112.0,190.0,1.3721347,3.9006536,0.0,2.1396742,41.032837,0
6bba_8b7818bf,1033312,13,25.0,66.0,43.0,1.4355191,5.1378536,0.3968254,2.5434792,68.92444,0
6bba_8b7818bf,1033313,13,12.0,90.0,59.0,1.1917804,9.531499,0.1904762,2.5434792,68.92444,0
6bba_8b7818bf,1033314,13,19.0,64.0,154.0,1.5401664,3.1413522,0.3015873,2.5401762,68.65625,0
6bba_8b7818bf,1033315,13,10.0,103.0,41.0,1.4907793,3.1731775,0.15873016,2.5434792,68.92444,0
6bba_8b7818bf,1033316,13,8.0,100.0,81.0,1.0612657,9.506249,0.12698413,2.5434792,68.92444,0
6bba_8b7818bf,1033317,13,0.0,111.0,255.0,1.4820849,2.1372986,0.0,1.7927979,24.136963,0
6bba_8b7818bf,1033318,13,34.0,39.0,76.0,1.2979028,3.845417,0.53968257,2.5434792,68.92444,0
6bba_8b7818bf,1033319,13,43.0,36.0,5.0,1.3582141,5.913055,0.6825397,2.5434792,68.92444,0
6bba_8b7818bf,1033320,13,9.0,92.0,255.0,1.091695,5.837498,0.14285715,2.1396742,41.032837,0
6bba_8b7818bf,1033321,13,33.0,36.0,123.0,1.3416862,2.9139478,0.52380955,2.5434792,68.92444,1
6bba_8b7818bf,1033322,13,0.0,122.0,67.0,1.1826077,3.0752826,0.0,2.1396742,41.032837,0
6bba_8b7818bf,1033323,13,49.0,123.0,149.0,1.2677472,2.8093088,0.7777778,2.5434792,68.92444,0
6bba_8b7818bf,1033324,13,10.0,89.0,113.0,1.0425274,5.602336,0.15873016,2.5401762,68.65625,0
6bba_8b7818bf,1033325,13,20.0,87.0,0.0,1.2190922,3.474712,0.31746033,2.1396742,41.032837,0
6bba_8b7818bf,1033326,13,32.0,53.0,11.0,1.2554893,2.9227335,0.50793654,2.5434792,68.92444,0
6bba_8b7818bf,1033327,13,44.0,12.0,172.0,1.1594554,3.4097035,0.6984127,2.5434792,68.92444,0
6bba_8b7818bf,1033328,13,20.0,63.0,207.0,1.0474371,5.2339015,0.31746033,2.5434792,68.92444,0
6bba_8b7818bf,1033329,13,0.0,141.0,16.0,0.90930223,3.595203,0.0,2.1350024,40.76465,0
6bba_8b7818bf,1033330,13,5.0,104.0,116.0,1.0281188,2.7986965,0.07936508,2.5401762,68.65625,0
6bba_8b7818bf,1033331,13,41.0,37.0,27.0,1.0441443,3.28768,0.6507937,2.5434792,68.92444,0
6bba_8b7818bf,1033332,13,49.0,15.0,251.0,0.97860837,3.915796,0.7777778,2.5434792,68.92444,0
6bba_8b7818bf,1033333,13,5.0,103.0,131.0,0.9137621,2.4773066,0.07936508,2.5401762,68.65625,0
6bba_8b7818bf,1033334,13,33.0,31.0,182.0,0.97844386,2.6317005,0.52380955,2.5401762,68.65625,0
6bba_8b7818bf,1033335,13,49.0,125.0,187.0,0.90613526,2.5341332,0.7777778,2.5434792,68.92444,0
6bba_8b7818bf,1033336,13,45.0,126.0,66.0,0.96477956,1.952849,0.71428573,2.5434792,68.92444,1
6bba_8b7818bf,1033337,13,45.0,126.0,80.0,0.9358707,1.982704,0.71428573,2.5434792,68.92444,1
6bba_8b7818bf,1033338,13,51.0,15.0,39.0,0.83720154,2.953943,0.8095238,2.5434792,68.92444,0
6bba_8b7818bf,1033339,13,24.0,53.0,235.0,0.82063717,2.7203588,0.3809524,2.5434792,68.92444,0
6bba_8b7818bf,1033340,13,44.0,13.0,223.0,0.976841,2.1161299,0.6984127,2.5434792,68.92444,1
6bba_8b7818bf,1033341,13,40.0,20.0,232.0,0.9878976,1.4613974,0.63492066,2.5268764,67.583496,2
6bba_8b7818bf,1033342,14,39.0,26.0,203.0,1.9171554,4.018916,0.61904764,2.5434792,68.92444,0
6bba_8b7818bf,1033343,14,49.0,8.0,140.0,1.8926399,3.926613,0.7777778,2.5434792,68.92444,0
6bba_8b7818bf,1033344,14,37.0,30.0,98.0,1.5027082,9.360056,0.5873016,2.5434792,68.92444,0
6bba_8b7818bf,1033345,14,16.0,80.0,82.0,1.6933879,4.689939,0.25396827,2.5434792,68.92444,0
6bba_8b7818bf,1033346,14,37.0,31.0,228.0,1.7100208,5.0596957,0.5873016,2.5434792,68.92444,1
6bba_8b7818bf,1033347,14,23.0,63.0,77.0,1.626185,5.9249606,0.36507937,2.5434792,68.92444,0
6bba_8b7818bf,1033348,14,27.0,47.0,161.0,1.6657623,3.8607752,0.42857143,2.5434792,68.92444,0
6bba_8b7818bf,1033349,14,12.0,81.0,199.0,1.5238395,6.1435614,0.1904762,2.5434792,68.92444,0
6bba_8b7818bf,1033350,14,54.0,0.0,222.0,1.6460999,3.942582,0.85714287,2.1396742,41.032837,0
6bba_8b7818bf,1033351,14,40.0,24.0,123.0,1.4514121,3.7244678,0.63492066,2.5434792,68.92444,1
6bba_8b7818bf,1033352,14,9.0,88.0,178.0,1.3033924,7.6582284,0.14285715,2.5401762,68.65625,0
6bba_8b7818bf,1033353,14,0.0,112.0,190.0,1.3721347,3.9006536,0.0,2.1396742,41.032837,0
6bba_8b7818bf,1033354,14,25.0,66.0,43.0,1.4355191,5.1378536,0.3968254,2.5434792,68.92444,0
6bba_8b7818bf,1033355,14,12.0,90.0,59.0,1.1917804,9.531499,0.1904762,2.5434792,68.92444,0
6bba_8b7818bf,1033356,14,19.0,64.0,154.0,1.5401664,3.1413522,0.3015873,2.5401762,68.65625,0
6bba_8b7818bf,1033357,14,10.0,103.0,41.0,1.4907793,3.1731775,0.15873016,2.5434792,68.92444,0
6bba_8b7818bf,1033358,14,8.0,100.0,81.0,1.0612657,9.506249,0.12698413,2.5434792,68.92444,0
6bba_8b7818bf,1033359,14,0.0,111.0,255.0,1.4820849,2.1372986,0.0,1.7927979,24.136963,0
6bba_8b7818bf,1033360,14,34.0,39.0,76.0,1.2979028,3.845417,0.53968257,2.5434792,68.92444,0
6bba_8b7818bf,1033361,14,43.0,36.0,5.0,1.3582141,5.913055,0.6825397,2.5434792,68.92444,0
6bba_8b7818bf,1033362,14,9.0,92.0,255.0,1.091695,5.837498,0.14285715,2.1396742,41.032837,0
6bba_8b7818bf,1033363,14,33.0,36.0,123.0,1.3416862,2.9139478,0.52380955,2.5434792,68.92444,1
6bba_8b7818bf,1033364,14,0.0,122.0,67.0,1.1826077,3.0752826,0.0,2.1396742,41.032837,0
6bba_8b7818bf,1033365,14,49.0,123.0,149.0,1.2677472,2.8093088,0.7777778,2.5434792,68.92444,0
6bba_8b7818bf,1033366,14,10.0,89.0,113.0,1.0425274,5.602336,0.15873016,2.5401762,68.65625,0
6bba_8b7818bf,1033367,14,20.0,87.0,0.0,1.2190922,3.474712,0.31746033,2.1396742,41.032837,0
6bba_8b7818bf,1033368,14,32.0,53.0,11.0,1.2554893,2.9227335,0.50793654,2.5434792,68.92444,0
6bba_8b7818bf,1033369,14,44.0,12.0,172.0,1.1594554,3.4097035,0.6984127,2.5434792,68.92444,0
6bba_8b7818bf,1033370,14,20.0,63.0,207.0,1.0474371,5.2339015,0.31746033,2.5434792,68.92444,0
6bba_8b7818bf,1033371,14,0.0,141.0,16.0,0.90930223,3.595203,0.0,2.1350024,40.76465,0
6bba_8b7818bf,1033372,14,5.0,104.0,116.0,1.0281188,2.7986965,0.07936508,2.5401762,68.65625,0
6bba_8b7818bf,1033373,14,41.0,37.0,27.0,1.0441443,3.28768,0.6507937,2.5434792,68.92444,0
6bba_8b7818bf,1033374,14,49.0,15.0,251.0,0.97860837,3.915796,0.7777778,2.5434792,68.92444,0
6bba_8b7818bf,1033375,14,5.0,103.0,131.0,0.9137621,2.4773066,0.07936508,2.5401762,68.65625,0
6bba_8b7818bf,1033376,14,33.0,31.0,182.0,0.97844386,2.6317005,0.52380955,2.5401762,68.65625,0
6bba_8b7818bf,1033377,14,49.0,125.0,187.0,0.90613526,2.5341332,0.7777778,2.5434792,68.92444,0
6bba_8b7818bf,1033378,14,45.0,126.0,66.0,0.96477956,1.952849,0.71428573,2.5434792,68.92444,1
6bba_8b7818bf,1033379,14,45.0,126.0,80.0,0.9358707,1.982704,0.71428573,2.5434792,68.92444,1
6bba_8b7818bf,1033380,14,51.0,15.0,39.0,0.83720154,2.953943,0.8095238,2.5434792,68.92444,0
6bba_8b7818bf,1033381,14,24.0,53.0,235.0,0.82063717,2.7203588,0.3809524,2.5434792,68.92444,0
6bba_8b7818bf,1033382,14,44.0,13.0,223.0,0.976841,2.1161299,0.6984127,2.5434792,68.92444,1
6bba_8b7818bf,1033383,14,40.0,20.0,232.0,0.9878976,1.4613974,0.63492066,2.5268764,67.583496,2
6bba_8b7818bf,1033384,15,50.0,0.0,146.0,1.8738071,3.910913,0.7936508,2.1396742,41.032837,0
6bba_8b7818bf,1033385,15,29.0,41.0,163.0,1.7799866,3.9986808,0.46031746,2.5434792,68.92444,0
6bba_8b7818bf,1033386,15,29.0,44.0,229.0,1.7812928,5.8187594,0.46031746,2.5434792,68.92444,0
6bba_8b7818bf,1033387,15,18.0,93.0,7.0,1.8447187,5.410144,0.2857143,2.5434792,68.92444,0
6bba_8b7818bf,1033388,15,17.0,72.0,106.0,1.7059561,4.987806,0.26984128,2.5434792,68.92444,0
6bba_8b7818bf,1033389,15,20.0,61.0,155.0,1.6119088,3.7343848,0.31746033,2.5401762,68.65625,0
6bba_8b7818bf,1033390,15,23.0,70.0,34.0,1.6147449,5.047109,0.36507937,2.5434792,68.92444,0
6bba_8b7818bf,1033391,15,11.0,82.0,196.0,1.5310234,5.0420895,0.17460318,2.5401762,68.65625,0
6bba_8b7818bf,1033392,15,38.0,26.0,212.0,1.6434802,3.8121796,0.6031746,2.5434792,68.92444,0
6bba_8b7818bf,1033393,15,52.0,0.0,216.0,1.6265382,3.327393,0.82539684,2.1396742,41.032837,0
6bba_8b7818bf,1033394,15,43.0,14.0,132.0,1.4178268,4.9761124,0.6825397,2.5434792,68.92444,0
6bba_8b7818bf,1033395,15,43.0,13.0,173.0,1.3682157,4.16226,0.6825397,2.5434792,68.92444,0
6bba_8b7818bf,1033396,15,35.0,29.0,135.0,1.382524,3.5277805,0.5555556,2.5434792,68.92444,0
6bba_8b7818bf,1033397,15,0.0,108.0,247.0,1.4758815,3.0879729,0.0,2.1396742,41.032837,0
6bba_8b7818bf,1033398,15,43.0,25.0,51.0,1.3347034,4.7295575,0.6825397,2.5434792,68.92444,0
6bba_8b7818bf,1033399,15,44.0,39.0,0.0,1.2332152,5.8220987,0.6984127,2.1350024,40.76465,0
6bba_8b7818bf,1033400,15,30.0,47.0,68.0,1.2533522,3.6993594,0.47619048,2.5434792,68.92444,0
6bba_8b7818bf,1033401,15,44.0,28.0,22.0,1.2715515,5.1258326,0.6984127,2.5434792,68.92444,0
6bba_8b7818bf,1033402,15,24.0,53.0,118.0,1.1180924,6.5524845,0.3809524,2.5434792,68.92444,0
6bba_8b7818bf,1033403,15,49.0,119.0,142.0,1.3054521,2.6428502,0.7777778,2.5434792,68.92444,0
6bba_8b7818bf,1033404,15,17.0,67.0,213.0,1.1555415,4.4699254,0.26984128,2.5434792,68.92444,0
6bba_8b7818bf,1033405,15,32.0,53.0,14.0,1.2701449,2.821525,0.50793654,2.5434792,68.92444,0
6bba_8b7818bf,1033406,15,15.0,83.0,64.0,1.1335105,4.659451,0.23809524,2.5434792,68.92444,0
6bba_8b7818bf,1033407,15,0.0,109.0,136.0,1.2256513,2.3966873,0.0,2.1396742,41.032837,0
6bba_8b7818bf,1033408,15,0.0,125.0,65.0,1.072463,3.100151,0.0,2.1396742,41.032837,0
6bba_8b7818bf,1033409,15,44.0,126.0,85.0,1.2466615,2.228647,0.6984127,2.5434792,68.92444,0
6bba_8b7818bf,1033410,15,8.0,108.0,38.0,1.2137657,2.924389,0.12698413,2.5434792,68.92444,0
6bba_8b7818bf,1033411,15,6.0,106.0,89.0,0.9439543,5.9943523,0.0952381,2.5401762,68.65625,0
6bba_8b7818bf,1033412,15,8.0,88.0,180.0,1.0610421,3.873268,0.12698413,2.5434792,68.92444,0
6bba_8b7818bf,1033413,15,21.0,57.0,238.0,1.1048756,3.0171974,0.33333334,2.5434792,68.92444,0
6bba_8b7818bf,1033414,15,33.0,36.0,98.0,1.0412396,4.6416245,0.52380955,2.5434792,68.92444,0
6bba_8b7818bf,1033415,15,12.0,86.0,80.0,1.0166329,4.650829,0.1904762,2.5434792,68.92444,0
6bba_8b7818bf,1033416,15,45.0,122.0,70.0,1.2154875,1.8944476,0.71428573,2.5434792,68.92444,0
6bba_8b7818bf,1033417,15,44.0,12.0,225.0,1.228033,2.4916112,0.6984127,2.5434792,68.92444,0
6bba_8b7818bf,1033418,15,46.0,128.0,181.0,1.083726,2.443614,0.73015875,2.5434792,68.92444,0
6bba_8b7818bf,1033419,15,48.0,11.0,243.0,1.0807164,2.7745726,0.7619048,2.5434792,68.92444,2
6bba_8b7818bf,1033420,15,30.0,36.0,189.0,0.9957116,2.5564091,0.47619048,2.5434792,68.92444,0
6bba_8b7818bf,1033421,15,0.0,117.0,185.0,0.6373623,3.9312582,0.0,2.0772712,37.546387,0
6bba_8b7818bf,1033422,15,48.0,13.0,250.0,0.95045763,2.2853873,0.7619048,2.5434792,68.92444,1
6bba_8b7818bf,1033423,15,43.0,16.0,98.0,0.8759385,3.157605,0.6825397,2.5434792,68.92444,0
6bba_8b7818bf,1033424,15,33.0,147.0,23.0,0.86996955,2.146066,0.52380955,2.5434792,68.92444,1
6bba_8b7818bf,1033425,15,53.0,12.0,34.0,0.8466963,3.2038589,0.84126985,2.5434792,68.92444,0
6bba_8b7818bf,1033426,15,11.0,98.0,55.0,0.77220005,2.6184714,0.17460318,2.5434792,68.92444,0
6bba_8b7818bf,1033427,15,54.0,7.0,53.0,0.83467144,2.9655895,0.85714287,2.5401762,68.65625,0
6bba_8b7818bf,1033428,15,32.0,147.0,32.0,0.88186646,2.0298414,0.50793654,2.5434792,68.92444,1
6bba_8b7818bf,1033429,15,54.0,0.0,239.0,0.76123077,1.2144595,0.85714287,2.0822053,37.814575,1
6bba_8b7818bf,1033430,15,63.0,2.0,0.0,0.8071395,4.99235,1.0,1.7380214,21.991455,0
6bba_8b7818bf,1033431,15,43.0,11.0,210.0,0.9378756,1.564285,0.6825397,2.5434792,68.92444,0
6bba_8b7818bf,1033432,15,10.0,114.0,0.0,0.7021771,5.782799,0.15873016,2.1396742,41.032837,0
6bba_8b7818bf,1033433,15,22.0,67.0,65.0,0.7065317,4.1820254,0.34920636,2.5434792,68.92444,0
6bba_8b7818bf,1033434,16,20.0,61.0,157.0,1.8254052,4.8444347,0.31746033,2.5434792,68.92444,0
6bba_8b7818bf,1033435,16,29.0,42.0,229.0,1.6991515,5.7114735,0.46031746,2.5434792,68.92444,0
6bba_8b7818bf,1033436,16,51.0,0.0,150.0,1.7091962,4.2253876,0.8095238,2.1396742,41.032837,0
6bba_8b7818bf,1033437,16,18.0,93.0,7.0,1.7174833,5.3136888,0.2857143,2.5401762,68.65625,0
6bba_8b7818bf,1033438,16,32.0,36.0,170.0,1.6596837,3.4777243,0.50793654,2.5434792,68.92444,0
6bba_8b7818bf,1033439,16,10.0,83.0,197.0,1.585973,4.698333,0.15873016,2.5434792,68.92444,1
6bba_8b7818bf,1033440,16,17.0,71.0,108.0,1.5686505,4.4748325,0.26984128,2.5434792,68.92444,0
6bba_8b7818bf,1033441,16,38.0,25.0,214.0,1.6847564,3.727902,0.6031746,2.5434792,68.92444,0
6bba_8b7818bf,1033442,16,23.0,72.0,33.0,1.5370744,5.1842694,0.36507937,2.5434792,68.92444,0
6bba_8b7818bf,1033443,16,52.0,0.0,216.0,1.7056524,3.1219025,0.82539684,2.1396742,41.032837,0
6bba_8b7818bf,1033444,16,42.0,39.0,0.0,1.4426646,5.6582537,0.6666667,2.1396742,41.032837,0
6bba_8b7818bf,1033445,16,44.0,13.0,137.0,1.4044728,4.750545,0.6984127,2.5434792,68.92444,0
6bba_8b7818bf,1033446,16,0.0,109.0,247.0,1.4801006,2.7407146,0.0,2.1396742,41.032837,0
6bba_8b7818bf,1033447,16,30.0,48.0,69.0,1.2450265,4.0952682,0.47619048,2.5434792,68.92444,0
6bba_8b7818bf,1033448,16,36.0,26.0,145.0,1.3052876,3.1750956,0.5714286,2.5434792,68.92444,0
6bba_8b7818bf,1033449,16,48.0,120.0,144.0,1.3392339,2.6866527,0.7619048,2.5434792,68.92444,0
6bba_8b7818bf,1033450,16,17.0,66.0,213.0,1.1826602,4.3730664,0.26984128,2.5434792,68.92444,0
6bba_8b7818bf,1033451,16,43.0,24.0,57.0,1.229234,4.1702576,0.6825397,2.5434792,68.92444,0
6bba_8b7818bf,1033452,16,44.0,27.0,26.0,1.2530689,4.6366196,0.6984127,2.5434792,68.92444,0
6bba_8b7818bf,1033453,16,16.0,81.0,67.0,1.1877021,4.4429917,0.25396827,2.5401762,68.65625,0
6bba_8b7818bf,1033454,16,25.0,51.0,124.0,1.1009847,6.716133,0.3968254,2.5434792,68.92444,0
6bba_8b7818bf,1033455,16,32.0,53.0,13.0,1.2562246,2.7054567,0.50793654,2.5434792,68.92444,0
6bba_8b7818bf,1033456,16,44.0,12.0,174.0,1.1435716,3.5449815,0.6984127,2.5434792,68.92444,0
6bba_8b7818bf,1033457,16,44.0,124.0,87.0,1.2114275,2.211659,0.6984127,2.5434792,68.92444,0
6bba_8b7818bf,1033458,16,8.0,108.0,38.0,1.2077419,3.001484,0.12698413,2.5434792,68.92444,0
6bba_8b7818bf,1033459,16,8.0,88.0,183.0,1.0937141,2.809148,0.12698413,2.5401762,68.65625,1
6bba_8b7818bf,1033460,16,45.0,121.0,69.0,1.212204,2.016731,0.71428573,2.5434792,68.92444,0
6bba_8b7818bf,1033461,16,44.0,11.0,227.0,1.2920114,2.325381,0.6984127,2.5434792,68.92444,0
6bba_8b7818bf,1033462,16,45.0,130.0,183.0,1.1039623,2.6601439,0.71428573,2.5434792,68.92444,0
6bba_8b7818bf,1033463,16,5.0,107.0,91.0,0.94262064,6.6036673,0.07936508,2.5434792,68.92444,0
6bba_8b7818bf,1033464,16,12.0,86.0,81.0,1.0266299,3.6275558,0.1904762,2.5434792,68.92444,0
6bba_8b7818bf,1033465,16,33.0,36.0,101.0,0.98808473,4.631443,0.52380955,2.5434792,68.92444,0
6bba_8b7818bf,1033466,16,20.0,58.0,235.0,1.0503324,2.8340497,0.31746033,2.5434792,68.92444,0
6bba_8b7818bf,1033467,16,29.0,69.0,0.0,0.9496456,2.6086729,0.46031746,2.1396742,41.032837,0
6bba_8b7818bf,1033468,16,0.0,125.0,64.0,0.9426878,2.5922892,0.0,2.1396742,41.032837,0
6bba_8b7818bf,1033469,16,43.0,15.0,101.0,0.99643785,3.26443,0.6825397,2.5434792,68.92444,0
6bba_8b7818bf,1033470,16,30.0,35.0,190.0,1.0287217,2.1586602,0.47619048,2.5434792,68.92444,0
6bba_8b7818bf,1033471,16,48.0,10.0,243.0,1.0630194,2.6220603,0.7619048,2.5434792,68.92444,0
6bba_8b7818bf,1033472,16,0.0,107.0,136.0,1.0168384,1.9050831,0.0,2.1396742,41.032837,0
6bba_8b7818bf,1033473,16,18.0,66.0,139.0,0.8205185,1.9775193,0.2857143,2.5100527,66.24255,0
6bba_8b7818bf,1033474,16,22.0,67.0,67.0,0.7974507,3.467863,0.34920636,2.5401762,68.65625,0
6bba_8b7818bf,1033475,16,12.0,96.0,56.0,0.7146837,3.0967906,0.1904762,2.5401762,68.65625,0
6bba_8b7818bf,1033476,16,53.0,6.0,55.0,0.88708186,2.8660057,0.84126985,2.5434792,68.92444,1
6bba_8b7818bf,1033477,16,32.0,148.0,34.0,0.89121497,2.043684,0.50793654,2.5434792,68.92444,1
6bba_8b7818bf,1033478,16,33.0,147.0,24.0,0.869152,2.068615,0.52380955,2.5434792,68.92444,1
6bba_8b7818bf,1033479,16,10.0,116.0,0.0,0.68812335,5.4932375,0.15873016,2.1350024,40.76465,0
6bba_8b7818bf,1033480,16,63.0,0.0,3.0,0.9098722,4.3969874,1.0,1.7927979,24.136963,0
6bba_8b7818bf,1033481,16,53.0,11.0,41.0,0.8221899,2.8156185,0.84126985,2.5434792,68.92444,1
6bba_8b7818bf,1033482,16,24.0,52.0,99.0,0.79540473,2.9223661,0.3809524,2.5434792,68.92444,0
6bba_8b7818bf,1033483,16,0.0,119.0,185.0,0.5133174,3.783439,0.0,2.0317688,35.13269,0
6bba_8b7818bf,1033484,17,51.0,0.0,217.0,2.137838,3.038749,0.8095238,2.1396742,41.032837,1
6bba_8b7818bf,1033485,17,10.0,83.0,196.0,1.6477094,4.911031,0.15873016,2.5434792,68.92444,1
6bba_8b7818bf,1033486,17,29.0,42.0,230.0,1.6676987,5.174315,0.46031746,2.5434792,68.92444,0
6bba_8b7818bf,1033487,17,20.0,61.0,159.0,1.6009026,4.2625747,0.31746033,2.5434792,68.92444,0
6bba_8b7818bf,1033488,17,17.0,96.0,6.0,1.6912186,5.851967,0.26984128,2.5434792,68.92444,0
6bba_8b7818bf,1033489,17,17.0,71.0,108.0,1.5429294,5.148882,0.26984128,2.5434792,68.92444,0
6bba_8b7818bf,1033490,17,39.0,24.0,215.0,1.7023574,3.3826115,0.61904764,2.5434792,68.92444,0
6bba_8b7818bf,1033491,17,33.0,33.0,172.0,1.5534288,3.382651,0.52380955,2.5434792,68.92444,0
6bba_8b7818bf,1033492,17,23.0,73.0,32.0,1.4554266,4.944199,0.36507937,2.5434792,68.92444,0
6bba_8b7818bf,1033493,17,45.0,12.0,136.0,1.4954286,5.4040284,0.71428573,2.5434792,68.92444,0
6bba_8b7818bf,1033494,17,43.0,39.0,0.0,1.5177591,5.865273,0.6825397,2.1396742,41.032837,0
6bba_8b7818bf,1033495,17,51.0,0.0,153.0,1.4207631,3.939542,0.8095238,2.1396742,41.032837,0
6bba_8b7818bf,1033496,17,37.0,25.0,143.0,1.3745272,3.2998827,0.5873016,2.5434792,68.92444,0
6bba_8b7818bf,1033497,17,45.0,25.0,27.0,1.3096035,4.918624,0.71428573,2.5434792,68.92444,0
6bba_8b7818bf,1033498,17,25.0,51.0,127.0,1.1409136,7.8608255,0.3968254,2.5434792,68.92444,0
6bba_8b7818bf,1033499,17,43.0,25.0,55.0,1.2368973,4.311634,0.6825397,2.5434792,68.92444,0
6bba_8b7818bf,1033500,17,48.0,120.0,145.0,1.3464267,2.6490657,0.7619048,2.5434792,68.92444,0
6bba_8b7818bf,1033501,17,30.0,48.0,68.0,1.1685939,3.796853,0.47619048,2.5434792,68.92444,0
6bba_8b7818bf,1033502,17,1.0,108.0,247.0,1.3927419,3.014953,0.015873017,2.3316977,53.10132,0
6bba_8b7818bf,1033503,17,44.0,10.0,226.0,1.4908799,2.16529,0.6984127,2.5434792,68.92444,0
6bba_8b7818bf,1033504,17,17.0,67.0,211.0,1.0883297,5.0788326,0.26984128,2.5434792,68.92444,0
6bba_8b7818bf,1033505,17,32.0,54.0,12.0,1.3071282,2.6871886,0.50793654,2.5434792,68.92444,0
6bba_8b7818bf,1033506,17,16.0,80.0,68.0,1.1399683,4.5506287,0.25396827,2.5434792,68.92444,1
6bba_8b7818bf,1033507,17,44.0,122.0,87.0,1.2427659,2.2135353,0.6984127,2.5434792,68.92444,0
6bba_8b7818bf,1033508,17,8.0,88.0,182.0,1.1074103,2.7716334,0.12698413,2.5434792,68.92444,1
6bba_8b7818bf,1033509,17,45.0,10.0,176.0,1.173243,2.9080813,0.71428573,2.5434792,68.92444,1
6bba_8b7818bf,1033510,17,8.0,109.0,37.0,1.1523721,2.9628077,0.12698413,2.5434792,68.92444,0
6bba_8b7818bf,1033511,17,44.0,122.0,71.0,1.1915154,2.0690942,0.6984127,2.5434792,68.92444,0
6bba_8b7818bf,1033512,17,47.0,4.0,180.0,1.1760198,2.37502,0.74603176,2.5401762,68.65625,1
6bba_8b7818bf,1033513,17,49.0,9.0,244.0,1.1106528,2.6902633,0.7777778,2.5434792,68.92444,0
6bba_8b7818bf,1033514,17,21.0,57.0,236.0,1.0454413,2.8454394,0.33333334,2.5434792,68.92444,0
6bba_8b7818bf,1033515,17,6.0,107.0,91.0,0.84893864,6.4327273,0.0952381,2.5335438,68.11987,0
6bba_8b7818bf,1033516,17,30.0,35.0,192.0,1.0480855,2.3765135,0.47619048,2.5434792,68.92444,0
6bba_8b7818bf,1033517,17,0.0,128.0,59.0,0.96017057,2.330885,0.0,2.1396742,41.032837,0
6bba_8b7818bf,1033518,17,43.0,16.0,101.0,0.9602355,3.4920125,0.6825397,2.5434792,68.92444,0
6bba_8b7818bf,1033519,17,53.0,11.0,38.0,0.99959815,3.50298,0.84126985,2.5434792,68.92444,0
6bba_8b7818bf,1033520,17,46.0,128.0,185.0,1.0249584,2.3795445,0.73015875,2.5434792,68.92444,0
6bba_8b7818bf,1033521,17,18.0,66.0,142.0,0.8922974,2.0143442,0.2857143,2.5335438,68.11987,0
6bba_8b7818bf,1033522,17,34.0,35.0,100.0,0.88302183,4.754769,0.53968257,2.5401762,68.65625,0
6bba_8b7818bf,1033523,17,63.0,0.0,0.0,1.0420798,3.3042297,1.0,1.5121043,14.482178,0
6bba_8b7818bf,1033524,17,12.0,86.0,81.0,0.8776968,3.3260295,0.1904762,2.5434792,68.92444,1
6bba_8b7818bf,1033525,17,32.0,148.0,32.0,0.94637024,2.2472236,0.50793654,2.5434792,68.92444,1
6bba_8b7818bf,1033526,17,54.0,19.0,0.0,0.9485332,3.4933,0.85714287,2.1396742,41.032837,0
6bba_8b7818bf,1033527,17,33.0,147.0,22.0,0.89477265,2.1281269,0.52380955,2.5434792,68.92444,1
6bba_8b7818bf,1033528,17,44.0,9.0,211.0,1.1617253,1.1308546,0.6984127,2.5335438,68.11987,1
6bba_8b7818bf,1033529,17,24.0,52.0,99.0,0.80101293,3.1527758,0.3809524,2.5434792,68.92444,0
6bba_8b7818bf,1033530,18,48.0,0.0,219.0,2.3681304,3.485005,0.7619048,2.1396742,41.032837,0
6bba_8b7818bf,1033531,18,36.0,22.0,227.0,2.1560483,3.2325504,0.5714286,2.5434792,68.92444,1
6bba_8b7818bf,1033532,18,16.0,62.0,166.0,1.7746432,3.97469,0.25396827,2.5434792,68.92444,0
6bba_8b7818bf,1033533,18,29.0,32.0,181.0,1.831639,3.5829804,0.46031746,2.5434792,68.92444,0
6bba_8b7818bf,1033534,18,19.0,74.0,37.0,1.5145639,5.148279,0.3015873,2.5434792,68.92444,0
6bba_8b7818bf,1033535,18,34.0,22.0,153.0,1.5205971,3.5267172,0.53968257,2.5434792,68.92444,0
6bba_8b7818bf,1033536,18,44.0,4.0,183.0,1.6094152,5.177911,0.6984127,2.5434792,68.92444,1
6bba_8b7818bf,1033537,18,13.0,98.0,7.0,1.5239217,3.6968286,0.20634921,2.5434792,68.92444,0
6bba_8b7818bf,1033538,18,13.0,73.0,113.0,1.3813732,4.1463814,0.20634921,2.5434792,68.92444,0
6bba_8b7818bf,1033539,18,45.0,0.0,185.0,1.550178,2.8857338,0.71428573,2.1396742,41.032837,1
6bba_8b7818bf,1033540,18,41.0,25.0,35.0,1.4326464,5.913477,0.6507937,2.5434792,68.92444,0
6bba_8b7818bf,1033541,18,43.0,7.0,139.0,1.4337882,5.548626,0.6825397,2.5434792,68.92444,0
6bba_8b7818bf,1033542,18,0.0,107.0,251.0,1.4587514,3.7143273,0.0,2.1396742,41.032837,0
6bba_8b7818bf,1033543,18,41.0,21.0,63.0,1.4501516,4.8095374,0.6507937,2.5434792,68.92444,0
6bba_8b7818bf,1033544,18,7.0,84.0,201.0,1.3839626,4.6956606,0.11111111,2.5401762,68.65625,0
6bba_8b7818bf,1033545,18,26.0,42.0,230.0,1.3779709,4.887543,0.41269842,2.5434792,68.92444,0
6bba_8b7818bf,1033546,18,44.0,119.0,152.0,1.4779508,2.6075554,0.6984127,2.5434792,68.92444,0
6bba_8b7818bf,1033547,18,26.0,49.0,70.0,1.2961582,3.646413,0.41269842,2.5434792,68.92444,0
6bba_8b7818bf,1033548,18,26.0,66.0,0.0,1.4308585,3.2776613,0.41269842,2.1396742,41.032837,0
6bba_8b7818bf,1033549,18,46.0,7.0,249.0,1.3470298,3.9485035,0.73015875,2.5434792,68.92444,0
6bba_8b7818bf,1033550,18,40.0,122.0,93.0,1.3255055,2.2469308,0.63492066,2.5434792,68.92444,0
6bba_8b7818bf,1033551,18,39.0,39.0,8.0,1.3239847,4.3142643,0.61904764,2.5434792,68.92444,0
6bba_8b7818bf,1033552,18,30.0,34.0,109.0,1.1366526,4.4539185,0.47619048,2.5434792,68.92444,0
6bba_8b7818bf,1033553,18,41.0,9.0,230.0,1.541331,1.7091461,0.6507937,2.5434792,68.92444,1
6bba_8b7818bf,1033554,18,0.0,110.0,94.0,1.0173372,7.233354,0.0,2.1396742,41.032837,0
6bba_8b7818bf,1033555,18,23.0,47.0,130.0,1.057014,6.918142,0.36507937,2.5434792,68.92444,0
6bba_8b7818bf,1033556,18,40.0,122.0,75.0,1.2995424,2.0260637,0.63492066,2.5434792,68.92444,0
6bba_8b7818bf,1033557,18,15.0,65.0,151.0,1.0401846,2.0296128,0.23809524,2.5268764,67.583496,0
6bba_8b7818bf,1033558,18,14.0,79.0,65.0,1.0479028,4.4418826,0.22222222,2.5434792,68.92444,0
6bba_8b7818bf,1033559,18,42.0,129.0,186.0,1.147627,2.5030203,0.6666667,2.5434792,68.92444,1
6bba_8b7818bf,1033560,18,2.0,114.0,36.0,1.2417691,2.547281,0.031746034,2.4687274,63.024292,1
6bba_8b7818bf,1033561,18,39.0,15.0,107.0,1.0446694,3.1153483,0.61904764,2.5434792,68.92444,0
6bba_8b7818bf,1033562,18,8.0,89.0,79.0,1.0001187,4.82341,0.12698413,2.5434792,68.92444,0
6bba_8b7818bf,1033563,18,49.0,0.0,160.0,1.0066664,4.4649525,0.7777778,2.1396742,41.032837,0
6bba_8b7818bf,1033564,18,50.0,20.0,0.0,1.2143668,2.395014,0.7936508,2.1396742,41.032837,1
6bba_8b7818bf,1033565,18,49.0,9.0,47.0,1.0166329,3.1527634,0.7777778,2.5434792,68.92444,0
6bba_8b7818bf,1033566,18,28.0,52.0,22.0,1.0722768,2.5691369,0.44444445,2.5434792,68.92444,0
6bba_8b7818bf,1033567,18,4.0,91.0,180.0,0.95449936,5.3585744,0.06349207,2.5401762,68.65625,0
6bba_8b7818bf,1033568,18,0.0,125.0,52.0,0.88790697,2.3615825,0.0,2.0968692,38.61914,0
6bba_8b7818bf,1033569,18,5.0,107.0,44.0,0.9940949,2.0147629,0.07936508,2.5368643,68.38806,1
6bba_8b7818bf,1033570,18,18.0,56.0,241.0,0.9709359,2.6584816,0.2857143,2.5434792,68.92444,0
6bba_8b7818bf,1033571,18,14.0,67.0,221.0,0.8639913,3.508766,0.22222222,2.5434792,68.92444,0
6bba_8b7818bf,1033572,18,48.0,19.0,9.0,1.0802871,2.2663195,0.7619048,2.5434792,68.92444,1
6bba_8b7818bf,1033573,18,27.0,149.0,33.0,0.9918525,2.0434968,0.42857143,2.5434792,68.92444,0
6bba_8b7818bf,1033574,18,63.0,74.0,0.0,1.0064747,2.9377866,1.0,1.7994134,24.405151,0
6bba_8b7818bf,1033575,18,46.0,119.0,178.0,1.0548859,1.8706855,0.73015875,2.5434792,68.92444,1
6bba_8b7818bf,1033576,18,0.0,106.0,132.0,0.78261065,2.9740217,0.0,2.1350024,40.76465,0
6bba_8b7818bf,1033577,19,38.0,23.0,231.0,2.2767441,3.5201182,0.6031746,2.5434792,68.92444,0
6bba_8b7818bf,1033578,19,19.0,61.0,165.0,1.8924481,3.7558331,0.3015873,2.5434792,68.92444,0
6bba_8b7818bf,1033579,19,51.0,0.0,219.0,1.8701018,3.1399913,0.8095238,2.1396742,41.032837,1
6bba_8b7818bf,1033580,19,32.0,31.0,182.0,1.7924956,3.4325132,0.50793654,2.5434792,68.92444,0
6bba_8b7818bf,1033581,19,15.0,100.0,2.0,1.6893767,3.8782723,0.23809524,2.4687274,63.024292,0
6bba_8b7818bf,1033582,19,10.0,83.0,205.0,1.3838987,4.0818872,0.15873016,2.5401762,68.65625,0
6bba_8b7818bf,1033583,19,38.0,20.0,156.0,1.5477705,3.5830612,0.6031746,2.5434792,68.92444,0
6bba_8b7818bf,1033584,19,43.0,20.0,65.0,1.4651129,5.101532,0.6825397,2.5434792,68.92444,0
6bba_8b7818bf,1033585,19,43.0,26.0,36.0,1.4370763,6.5265546,0.6825397,2.5434792,68.92444,0
6bba_8b7818bf,1033586,19,29.0,48.0,70.0,1.4183245,3.528968,0.46031746,2.5434792,68.92444,0
6bba_8b7818bf,1033587,19,28.0,43.0,231.0,1.4405017,4.3651104,0.44444445,2.5434792,68.92444,0
6bba_8b7818bf,1033588,19,46.0,121.0,150.0,1.4603679,3.1461346,0.73015875,2.5434792,68.92444,0
6bba_8b7818bf,1033589,19,31.0,61.0,5.0,1.595865,3.5690312,0.4920635,2.5401762,68.65625,1
6bba_8b7818bf,1033590,19,30.0,63.0,1.0,1.528246,2.8800957,0.47619048,2.3316977,53.10132,1
6bba_8b7818bf,1033591,19,16.0,73.0,112.0,1.3040316,4.029782,0.25396827,2.5434792,68.92444,0
6bba_8b7818bf,1033592,19,0.0,109.0,246.0,1.5110621,2.5263162,0.0,2.1396742,41.032837,0
6bba_8b7818bf,1033593,19,22.0,74.0,36.0,1.3167461,4.3546696,0.34920636,2.5434792,68.92444,0
6bba_8b7818bf,1033594,19,42.0,38.0,8.0,1.4052492,4.552635,0.6666667,2.5434792,68.92444,0
6bba_8b7818bf,1033595,19,45.0,5.0,188.0,1.3751256,4.3051805,0.71428573,2.5434792,68.92444,0
6bba_8b7818bf,1033596,19,45.0,127.0,187.0,1.3108548,2.9320452,0.71428573,2.5434792,68.92444,0
6bba_8b7818bf,1033597,19,44.0,120.0,91.0,1.3630049,2.3421142,0.6984127,2.5434792,68.92444,0
6bba_8b7818bf,1033598,19,43.0,8.0,228.0,1.563837,1.828419,0.6825397,2.5434792,68.92444,1
6bba_8b7818bf,1033599,19,49.0,6.0,252.0,1.3253237,4.4149714,0.7777778,2.5401762,68.65625,0
6bba_8b7818bf,1033600,19,17.0,79.0,66.0,1.1249475,3.8999345,0.26984128,2.5434792,68.92444,1
6bba_8b7818bf,1033601,19,0.0,128.0,52.0,1.1365415,2.965221,0.0,2.1396742,41.032837,0
6bba_8b7818bf,1033602,19,33.0,33.0,112.0,1.0910195,4.2220964,0.52380955,2.5434792,68.92444,0
6bba_8b7818bf,1033603,19,46.0,6.0,143.0,1.0994272,4.9644284,0.73015875,2.5434792,68.92444,0
6bba_8b7818bf,1033604,19,41.0,15.0,109.0,1.0783005,3.2215776,0.6507937,2.5434792,68.92444,0
6bba_8b7818bf,1033605,19,30.0,52.0,25.0,1.0651705,2.5355864,0.47619048,2.5434792,68.92444,0
6bba_8b7818bf,1033606,19,7.0,112.0,33.0,1.0902112,2.612909,0.11111111,2.5434792,68.92444,0
6bba_8b7818bf,1033607,19,53.0,18.0,0.0,1.1610359,2.5821614,0.84126985,2.1350024,40.76465,0
6bba_8b7818bf,1033608,19,8.0,88.0,179.0,0.85682124,5.7033563,0.12698413,2.5401762,68.65625,0
6bba_8b7818bf,1033609,19,26.0,46.0,128.0,0.86961323,5.21315,0.41269842,2.5434792,68.92444,0
6bba_8b7818bf,1033610,19,53.0,7.0,47.0,0.98098314,3.2340665,0.84126985,2.5401762,68.65625,0
6bba_8b7818bf,1033611,19,31.0,148.0,33.0,1.0004156,2.261611,0.4920635,2.5434792,68.92444,1
6bba_8b7818bf,1033612,19,21.0,66.0,82.0,0.8876162,5.5908103,0.33333334,2.5401762,68.65625,0
6bba_8b7818bf,1033613,19,0.0,112.0,126.0,0.87070024,2.877306,0.0,2.1396742,41.032837,0
6bba_8b7818bf,1033614,19,31.0,149.0,25.0,1.0261137,2.0886347,0.4920635,2.5434792,68.92444,1
6bba_8b7818bf,1033615,19,13.0,85.0,74.0,0.892407,2.535052,0.20634921,2.5434792,68.92444,1
6bba_8b7818bf,1033616,19,5.0,108.0,92.0,0.7835763,5.777106,0.07936508,2.5368643,68.38806,0
6bba_8b7818bf,1033617,19,0.0,138.0,5.0,0.8281782,4.5287895,0.0,2.1396742,41.032837,0
6bba_8b7818bf,1033618,19,63.0,75.0,0.0,0.92792654,3.746656,1.0,1.7994134,24.405151,0
6bba_8b7818bf,1033619,20,38.0,22.0,232.0,2.235824,3.2200496,0.6031746,2.5434792,68.92444,1
6bba_8b7818bf,1033620,20,19.0,60.0,163.0,1.8956312,3.3552146,0.3015873,2.5434792,68.92444,0
6bba_8b7818bf,1033621,20,39.0,17.0,162.0,1.6632735,3.4507089,0.61904764,2.5434792,68.92444,0
6bba_8b7818bf,1033622,20,33.0,29.0,183.0,1.6737683,3.1896455,0.52380955,2.5434792,68.92444,0
6bba_8b7818bf,1033623,20,14.0,102.0,0.0,1.5372977,4.2043,0.22222222,2.1396742,41.032837,1
6bba_8b7818bf,1033624,20,10.0,83.0,206.0,1.3322737,3.686516,0.15873016,2.5401762,68.65625,0
6bba_8b7818bf,1033625,20,28.0,43.0,231.0,1.5294296,4.4036837,0.44444445,2.5434792,68.92444,0
6bba_8b7818bf,1033626,20,31.0,59.0,8.0,1.6772895,3.648481,0.4920635,2.5434792,68.92444,0
6bba_8b7818bf,1033627,20,42.0,27.0,38.0,1.4471054,7.0188727,0.6666667,2.5434792,68.92444,0
6bba_8b7818bf,1033628,20,0.0,109.0,243.0,1.5188177,2.9332685,0.0,2.1396742,41.032837,0
6bba_8b7818bf,1033629,20,29.0,48.0,71.0,1.4450275,3.6850212,0.46031746,2.5434792,68.92444,0
6bba_8b7818bf,1033630,20,43.0,21.0,66.0,1.4284768,5.0820727,0.6825397,2.5434792,68.92444,0
6bba_8b7818bf,1033631,20,46.0,120.0,151.0,1.5076406,3.2257733,0.73015875,2.5434792,68.92444,0
6bba_8b7818bf,1033632,20,16.0,72.0,115.0,1.3323013,4.2455263,0.25396827,2.5401762,68.65625,0
6bba_8b7818bf,1033633,20,42.0,37.0,10.0,1.4061673,4.4049087,0.6666667,2.5434792,68.92444,0
6bba_8b7818bf,1033634,20,45.0,126.0,189.0,1.4099578,3.1335967,0.71428573,2.5434792,68.92444,0
6bba_8b7818bf,1033635,20,44.0,120.0,94.0,1.4575363,2.4611223,0.6984127,2.5434792,68.92444,0
6bba_8b7818bf,1033636,20,22.0,73.0,37.0,1.3076442,4.4045515,0.34920636,2.5434792,68.92444,0
6bba_8b7818bf,1033637,20,47.0,0.0,186.0,1.3347678,2.7958114,0.74603176,2.1396742,41.032837,0
6bba_8b7818bf,1033638,20,42.0,9.0,227.0,1.5359923,1.6073848,0.6666667,2.5434792,68.92444,3
6bba_8b7818bf,1033639,20,49.0,5.0,252.0,1.3317057,3.8616333,0.7777778,2.5401762,68.65625,0
6bba_8b7818bf,1033640,20,54.0,0.0,227.0,1.131233,1.383614,0.85714287,2.120863,39.960083,2
6bba_8b7818bf,1033641,20,47.0,1.0,143.0,1.1189536,4.361086,0.74603176,2.3316977,53.10132,0
6bba_8b7818bf,1033642,20,41.0,14.0,111.0,1.11353,3.4322243,0.6507937,2.5434792,68.92444,0
6bba_8b7818bf,1033643,20,0.0,129.0,51.0,1.0714198,3.4160457,0.0,2.1350024,40.76465,0
6bba_8b7818bf,1033644,20,17.0,94.0,8.0,0.9868974,2.0766954,0.26984128,2.499849,65.43799,1
6bba_8b7818bf,1033645,20,31.0,50.0,26.0,1.0884392,2.7163053,0.4920635,2.5434792,68.92444,0
6bba_8b7818bf,1033646,20,50.0,0.0,220.0,1.2316732,1.5277561,0.7936508,2.1396742,41.032837,2
6bba_8b7818bf,1033647,20,17.0,76.0,65.0,0.9454568,4.395575,0.26984128,2.5434792,68.92444,0
6bba_8b7818bf,1033648,20,7.0,89.0,178.0,0.8633018,5.886969,0.11111111,2.5434792,68.92444,0
6bba_8b7818bf,1033649,20,33.0,32.0,116.0,0.9537047,3.8788147,0.52380955,2.5434792,68.92444,0
6bba_8b7818bf,1033650,20,0.0,110.0,133.0,0.94317096,2.5564907,0.0,2.1396742,41.032837,0
6bba_8b7818bf,1033651,20,31.0,149.0,28.0,1.0850277,2.2158086,0.4920635,2.5434792,68.92444,0
6bba_8b7818bf,1033652,20,7.0,110.0,35.0,1.0594939,2.7540548,0.11111111,2.5434792,68.92444,0
6bba_8b7818bf,1033653,20,21.0,65.0,83.0,0.9087521,5.50404,0.33333334,2.5434792,68.92444,0
6bba_8b7818bf,1033654,20,53.0,6.0,51.0,1.0051562,3.2047517,0.84126985,2.5434792,68.92444,0
6bba_8b7818bf,1033655,20,12.0,87.0,75.0,0.8965081,3.9728448,0.1904762,2.5434792,68.92444,0
6bba_8b7818bf,1033656,20,52.0,14.0,18.0,0.9689082,2.5197399,0.82539684,2.5434792,68.92444,0
6bba_8b7818bf,1033657,20,63.0,102.0,178.0,0.95251477,2.693339,1.0,2.1396742,41.032837,0
6bba_8b7818bf,1033658,20,16.0,67.0,224.0,0.82161903,2.972664,0.25396827,2.5434792,68.92444,0
6bba_8b7818bf,1033659,20,0.0,140.0,0.0,0.8251819,3.1082666,0.0,1.7994134,24.405151,0
6bba_8b7818bf,1033660,20,26.0,45.0,128.0,0.80341065,4.9988337,0.41269842,2.5434792,68.92444,0
6bba_8b7818bf,1033661,20,5.0,107.0,92.0,0.7867504,5.511434,0.07936508,2.5401762,68.65625,0
6bba_8b7818bf,1033662,20,63.0,75.0,0.0,0.9656658,2.9558637,1.0,1.7994134,24.405151,0
6bba_8b7818bf,1033663,20,20.0,57.0,236.0,0.94159317,2.2138486,0.31746033,2.5434792,68.92444,0
6bba_8b7818bf,1033664,20,63.0,0.0,11.0,0.98921734,3.8807342,1.0,1.7994134,24.405151,0
6bba_8b7818bf,1033665,21,38.0,22.0,234.0,2.2247813,3.3698099,0.6031746,2.5434792,68.92444,0
6bba_8b7818bf,1033666,21,19.0,61.0,164.0,1.9616239,3.6383522,0.3015873,2.5434792,68.92444,0
6bba_8b7818bf,1033667,21,40.0,16.0,164.0,1.6688268,3.674567,0.63492066,2.5434792,68.92444,0
6bba_8b7818bf,1033668,21,34.0,27.0,181.0,1.7358104,3.3483963,0.53968257,2.5434792,68.92444,0
6bba_8b7818bf,1033669,21,14.0,104.0,0.0,1.5237197,3.2782805,0.22222222,2.1350024,40.76465,1
6bba_8b7818bf,1033670,21,31.0,58.0,10.0,1.661296,3.4495864,0.4920635,2.5434792,68.92444,0
6bba_8b7818bf,1033671,21,29.0,48.0,72.0,1.4921311,3.4121644,0.46031746,2.5434792,68.92444,0
6bba_8b7818bf,1033672,21,41.0,27.0,40.0,1.4354049,6.3501916,0.6507937,2.5434792,68.92444,0
6bba_8b7818bf,1033673,21,0.0,110.0,241.0,1.4778991,3.103232,0.0,2.1396742,41.032837,0
6bba_8b7818bf,1033674,21,43.0,20.0,68.0,1.4316097,4.7137327,0.6825397,2.5434792,68.92444,0
6bba_8b7818bf,1033675,21,9.0,86.0,200.0,1.3668548,3.8892198,0.14285715,2.5401762,68.65625,1
6bba_8b7818bf,1033676,21,54.0,0.0,233.0,1.3373454,1.8428358,0.85714287,2.1350024,40.76465,0
6bba_8b7818bf,1033677,21,9.0,85.0,205.0,1.2906278,3.2054164,0.14285715,2.5401762,68.65625,1
6bba_8b7818bf,1033678,21,47.0,119.0,151.0,1.4380994,3.006454,0.74603176,2.5434792,68.92444,0
6bba_8b7818bf,1033679,21,15.0,75.0,112.0,1.3134533,4.1371117,0.23809524,2.5434792,68.92444,0
6bba_8b7818bf,1033680,21,45.0,5.0,185.0,1.4871166,5.129842,0.71428573,2.5434792,68.92444,0
6bba_8b7818bf,1033681,21,17.0,95.0,6.0,1.1790111,2.652878,0.26984128,2.5066607,65.974365,1
6bba_8b7818bf,1033682,21,42.0,38.0,11.0,1.4047421,4.183538,0.6666667,2.5434792,68.92444,0
6bba_8b7818bf,1033683,21,29.0,40.0,232.0,1.3203769,3.923351,0.46031746,2.5434792,68.92444,0
6bba_8b7818bf,1033684,21,45.0,127.0,187.0,1.3350139,2.793074,0.71428573,2.5434792,68.92444,0
6bba_8b7818bf,1033685,21,44.0,119.0,86.0,1.4541659,2.1862211,0.6984127,2.5434792,68.92444,0
6bba_8b7818bf,1033686,21,42.0,13.0,112.0,1.2093587,3.6203651,0.6666667,2.5434792,68.92444,0
6bba_8b7818bf,1033687,21,22.0,74.0,37.0,1.204947,4.060022,0.34920636,2.5401762,68.65625,0
6bba_8b7818bf,1033688,21,50.0,2.0,255.0,1.3767182,2.8259318,0.7936508,2.0723133,37.2782,0
6bba_8b7818bf,1033689,21,53.0,5.0,52.0,1.241172,4.298511,0.84126985,2.5434792,68.92444,0
6bba_8b7818bf,1033690,21,43.0,8.0,225.0,1.4507271,1.5957649,0.6825397,2.5434792,68.92444,0
6bba_8b7818bf,1033691,21,47.0,0.0,145.0,1.046488,4.5752263,0.74603176,2.1396742,41.032837,0
6bba_8b7818bf,1033692,21,33.0,31.0,121.0,1.0438292,4.4207797,0.52380955,2.5434792,68.92444,0
6bba_8b7818bf,1033693,21,0.0,110.0,133.0,1.0330633,2.4685676,0.0,2.1396742,41.032837,1
6bba_8b7818bf,1033694,21,0.0,131.0,51.0,0.9986806,3.447969,0.0,2.1350024,40.76465,0
6bba_8b7818bf,1033695,21,0.0,112.0,128.0,1.0332013,2.4709985,0.0,2.1396742,41.032837,1
6bba_8b7818bf,1033696,21,30.0,51.0,28.0,1.1130277,2.5229058,0.47619048,2.5434792,68.92444,0
6bba_8b7818bf,1033697,21,26.0,47.0,125.0,0.9374692,4.753948,0.41269842,2.5401762,68.65625,0
6bba_8b7818bf,1033698,21,7.0,89.0,173.0,0.86878663,6.280122,0.11111111,2.5434792,68.92444,0
6bba_8b7818bf,1033699,21,17.0,66.0,224.0,0.9286823,3.1507602,0.26984128,2.5434792,68.92444,0
6bba_8b7818bf,1033700,21,32.0,147.0,32.0,1.0493917,2.1473444,0.50793654,2.5434792,68.92444,0
6bba_8b7818bf,1033701,21,13.0,87.0,75.0,0.8908953,4.8157344,0.20634921,2.5434792,68.92444,0
6bba_8b7818bf,1033702,21,7.0,111.0,36.0,1.0465007,2.7262175,0.11111111,2.5434792,68.92444,0
6bba_8b7818bf,1033703,21,20.0,57.0,236.0,0.9888155,2.7854767,0.31746033,2.5434792,68.92444,0
6bba_8b7818bf,1033704,21,53.0,15.0,12.0,1.0722448,2.519646,0.84126985,2.5434792,68.92444,1
6bba_8b7818bf,1033705,21,0.0,141.0,0.0,0.8387892,4.1409307,0.0,1.7927979,24.136963,0
6bba_8b7818bf,1033706,21,51.0,14.0,19.0,1.019332,2.4373195,0.8095238,2.5434792,68.92444,1
6bba_8b7818bf,1033707,21,21.0,65.0,85.0,0.8629546,4.468837,0.33333334,2.5434792,68.92444,0
6bba_8b7818bf,1033708,21,5.0,107.0,91.0,0.83743906,5.227263,0.07936508,2.5401762,68.65625,0
6bba_8b7818bf,1033709,21,63.0,101.0,177.0,0.91978127,2.8168128,1.0,2.1396742,41.032837,0
6bba_8b7818bf,1033710,21,18.0,75.0,65.0,0.8129829,4.124966,0.2857143,2.5434792,68.92444,0
6bba_8b7818bf,1033711,21,28.0,36.0,197.0,0.96770245,1.714174,0.44444445,2.5434792,68.92444,0
6bba_8b7818bf,1033712,21,63.0,76.0,0.0,0.9992261,2.9081707,1.0,1.7994134,24.405151,0
6bba_8b7818bf,1033713,22,54.0,0.0,237.0,1.6945442,3.3389664,0.85714287,2.1350024,40.76465,0
6bba_8b7818bf,1033714,22,37.0,24.0,236.0,2.2148845,3.6657624,0.5873016,2.5434792,68.92444,0
6bba_8b7818bf,1033715,22,19.0,60.0,164.0,1.8315887,3.824571,0.3015873,2.5434792,68.92444,0
6bba_8b7818bf,1033716,22,39.0,16.0,165.0,1.7577912,3.7507486,0.61904764,2.5434792,68.92444,0
6bba_8b7818bf,1033717,22,29.0,49.0,73.0,1.5303978,3.7964664,0.46031746,2.5434792,68.92444,0
6bba_8b7818bf,1033718,22,0.0,111.0,235.0,1.4043926,3.424141,0.0,2.1396742,41.032837,0
6bba_8b7818bf,1033719,22,33.0,29.0,183.0,1.6044419,3.0932224,0.52380955,2.5434792,68.92444,0
6bba_8b7818bf,1033720,22,41.0,28.0,40.0,1.4224713,5.989371,0.6507937,2.5434792,68.92444,0
6bba_8b7818bf,1033721,22,28.0,42.0,232.0,1.4530106,4.1640825,0.44444445,2.5434792,68.92444,0
6bba_8b7818bf,1033722,22,31.0,56.0,12.0,1.616421,3.3021102,0.4920635,2.5434792,68.92444,0
6bba_8b7818bf,1033723,22,14.0,104.0,0.0,1.4384378,3.3090358,0.22222222,2.1396742,41.032837,0
6bba_8b7818bf,1033724,22,46.0,120.0,152.0,1.4646335,3.401491,0.73015875,2.5434792,68.92444,0
6bba_8b7818bf,1033725,22,8.0,89.0,198.0,1.3627217,3.7329895,0.12698413,2.5401762,68.65625,0
6bba_8b7818bf,1033726,22,50.0,0.0,255.0,1.4761777,3.1187015,0.7936508,1.7927979,24.136963,0
6bba_8b7818bf,1033727,22,45.0,129.0,188.0,1.3469794,2.79135,0.71428573,2.5434792,68.92444,0
6bba_8b7818bf,1033728,22,14.0,78.0,111.0,1.1849574,3.5571408,0.22222222,2.5434792,68.92444,1
6bba_8b7818bf,1033729,22,13.0,80.0,105.0,1.1898851,3.534958,0.20634921,2.5434792,68.92444,1
6bba_8b7818bf,1033730,22,43.0,21.0,68.0,1.2307732,4.0618563,0.6825397,2.5434792,68.92444,0
6bba_8b7818bf,1033731,22,53.0,4.0,54.0,1.3203449,4.0662513,0.84126985,2.5434792,68.92444,0
6bba_8b7818bf,1033732,22,44.0,119.0,86.0,1.4391452,2.0718396,0.6984127,2.5434792,68.92444,0
6bba_8b7818bf,1033733,22,43.0,37.0,12.0,1.2769132,3.5360858,0.6825397,2.5401762,68.65625,0
6bba_8b7818bf,1033734,22,41.0,14.0,114.0,1.180436,3.5466983,0.6507937,2.5434792,68.92444,0
6bba_8b7818bf,1033735,22,45.0,4.0,193.0,1.3189201,3.8968675,0.71428573,2.5434792,68.92444,0
6bba_8b7818bf,1033736,22,21.0,76.0,37.0,1.1741701,3.9285462,0.33333334,2.5434792,68.92444,0
6bba_8b7818bf,1033737,22,47.0,2.0,144.0,1.135311,5.353615,0.74603176,2.4687274,63.024292,0
6bba_8b7818bf,1033738,22,0.0,131.0,50.0,1.0366305,3.3504226,0.0,2.1350024,40.76465,0
6bba_8b7818bf,1033739,22,43.0,8.0,226.0,1.3670193,2.0656197,0.6825397,2.5434792,68.92444,0
6bba_8b7818bf,1033740,22,0.0,111.0,135.0,0.97414005,3.0832722,0.0,2.1396742,41.032837,1
6bba_8b7818bf,1033741,22,32.0,32.0,127.0,0.97082627,4.1525593,0.50793654,2.5434792,68.92444,0
6bba_8b7818bf,1033742,22,32.0,147.0,35.0,1.1032041,2.3006325,0.50793654,2.5434792,68.92444,0
6bba_8b7818bf,1033743,22,12.0,87.0,72.0,0.9308791,5.6393375,0.1904762,2.5434792,68.92444,0
6bba_8b7818bf,1033744,22,30.0,51.0,28.0,1.0668283,2.265174,0.47619048,2.5434792,68.92444,0
6bba_8b7818bf,1033745,22,7.0,90.0,171.0,0.8438328,5.770711,0.11111111,2.5401762,68.65625,0
6bba_8b7818bf,1033746,22,50.0,16.0,21.0,1.0657095,2.6283922,0.7936508,2.5434792,68.92444,0
6bba_8b7818bf,1033747,22,8.0,113.0,26.0,1.0201769,2.7638865,0.12698413,2.5401762,68.65625,0
6bba_8b7818bf,1033748,22,21.0,65.0,86.0,0.93190205,4.4131155,0.33333334,2.5434792,68.92444,0
6bba_8b7818bf,1033749,22,51.0,0.0,178.0,0.8949569,2.5241718,0.8095238,2.1396742,41.032837,0
6bba_8b7818bf,1033750,22,17.0,65.0,224.0,0.9018926,3.3249164,0.26984128,2.5434792,68.92444,0
6bba_8b7818bf,1033751,22,0.0,114.0,124.0,0.88117933,2.4846897,0.0,2.1396742,41.032837,1
6bba_8b7818bf,1033752,22,0.0,141.0,0.0,0.8070474,5.160125,0.0,1.7994134,24.405151,0
6bba_8b7818bf,1033753,22,28.0,37.0,197.0,1.0308955,1.6394653,0.44444445,2.5434792,68.92444,0
6bba_8b7818bf,1033754,22,9.0,89.0,255.0,0.7453896,4.706867,0.14285715,2.1396742,41.032837,0
6bba_8b7818bf,1033755,22,25.0,48.0,131.0,0.82028097,4.687871,0.3968254,2.5434792,68.92444,0
6bba_8b7818bf,1033756,23,37.0,23.0,235.0,2.2076004,3.6275449,0.5873016,2.5434792,68.92444,0
6bba_8b7818bf,1033757,23,19.0,60.0,163.0,1.7194333,3.9423969,0.3015873,2.5401762,68.65625,0
6bba_8b7818bf,1033758,23,46.0,0.0,194.0,1.7071711,3.6179113,0.73015875,2.1396742,41.032837,1
6bba_8b7818bf,1033759,23,39.0,16.0,166.0,1.6984025,3.902061,0.61904764,2.5434792,68.92444,0
6bba_8b7818bf,1033760,23,32.0,29.0,184.0,1.6730696,3.239717,0.50793654,2.5434792,68.92444,0
6bba_8b7818bf,1033761,23,13.0,104.0,0.0,1.455307,4.117022,0.20634921,2.1396742,41.032837,0
6bba_8b7818bf,1033762,23,7.0,91.0,196.0,1.5007308,3.8385003,0.11111111,2.5401762,68.65625,0
6bba_8b7818bf,1033763,23,46.0,120.0,152.0,1.513879,3.456675,0.73015875,2.5434792,68.92444,0
6bba_8b7818bf,1033764,23,28.0,49.0,73.0,1.4319203,3.5843244,0.44444445,2.5434792,68.92444,0
6bba_8b7818bf,1033765,23,9.0,90.0,255.0,1.1015756,9.090756,0.14285715,2.1396742,41.032837,0
6bba_8b7818bf,1033766,23,53.0,0.0,234.0,1.2235954,1.9350067,0.84126985,2.13031,40.49646,0
6bba_8b7818bf,1033767,23,0.0,112.0,234.0,1.3072817,3.5186026,0.0,2.1396742,41.032837,0
6bba_8b7818bf,1033768,23,40.0,29.0,39.0,1.3770391,5.671083,0.63492066,2.5434792,68.92444,0
6bba_8b7818bf,1033769,23,52.0,3.0,56.0,1.5136169,4.033951,0.82539684,2.5401762,68.65625,0
6bba_8b7818bf,1033770,23,31.0,57.0,9.0,1.5825022,3.3675678,0.4920635,2.5434792,68.92444,0
6bba_8b7818bf,1033771,23,28.0,40.0,233.0,1.3919823,3.8011856,0.44444445,2.5434792,68.92444,0
6bba_8b7818bf,1033772,23,50.0,0.0,255.0,1.3596709,3.2142568,0.7936508,1.7994134,24.405151,0
6bba_8b7818bf,1033773,23,44.0,129.0,188.0,1.3336759,2.889716,0.6984127,2.5434792,68.92444,0
6bba_8b7818bf,1033774,23,13.0,78.0,110.0,1.1715488,3.8541055,0.20634921,2.5434792,68.92444,0
6bba_8b7818bf,1033775,23,42.0,22.0,68.0,1.216885,4.0522366,0.6666667,2.5434792,68.92444,0
6bba_8b7818bf,1033776,23,43.0,119.0,89.0,1.420745,2.1456685,0.6825397,2.5434792,68.92444,0
6bba_8b7818bf,1033777,23,46.0,3.0,147.0,1.2022997,5.891434,0.73015875,2.5401762,68.65625,0
6bba_8b7818bf,1033778,23,20.0,76.0,36.0,1.1863365,3.705308,0.31746033,2.5434792,68.92444,0
6bba_8b7818bf,1033779,23,41.0,14.0,114.0,1.1410004,3.5539365,0.6507937,2.5434792,68.92444,0
6bba_8b7818bf,1033780,23,42.0,37.0,13.0,1.215008,3.42955,0.6666667,2.5434792,68.92444,0
6bba_8b7818bf,1033781,23,42.0,9.0,229.0,1.427349,2.0174067,0.6666667,2.5434792,68.92444,0
6bba_8b7818bf,1033782,23,50.0,0.0,183.0,1.150603,1.9748311,0.7936508,2.1396742,41.032837,1
6bba_8b7818bf,1033783,23,31.0,33.0,125.0,1.0954038,4.7736382,0.4920635,2.5434792,68.92444,0
6bba_8b7818bf,1033784,23,43.0,120.0,74.0,1.255695,1.9837923,0.6825397,2.5434792,68.92444,0
6bba_8b7818bf,1033785,23,51.0,15.0,17.0,1.1881132,2.7682402,0.8095238,2.5434792,68.92444,0
6bba_8b7818bf,1033786,23,20.0,65.0,86.0,1.0052018,4.6035275,0.31746033,2.5434792,68.92444,0
6bba_8b7818bf,1033787,23,0.0,112.0,134.0,0.8663736,3.280059,0.0,2.1396742,41.032837,0
6bba_8b7818bf,1033788,23,0.0,132.0,45.0,0.82745713,3.0177953,0.0,2.0772712,37.546387,0
6bba_8b7818bf,1033789,23,31.0,148.0,33.0,1.049008,2.291167,0.4920635,2.5434792,68.92444,0
6bba_8b7818bf,1033790,23,7.0,112.0,29.0,1.0532645,2.7134619,0.11111111,2.5434792,68.92444,0
6bba_8b7818bf,1033791,23,17.0,65.0,225.0,0.92927605,2.9377658,0.26984128,2.5434792,68.92444,1
6bba_8b7818bf,1033792,23,30.0,51.0,28.0,1.0275297,2.4580631,0.47619048,2.5434792,68.92444,0
6bba_8b7818bf,1033793,23,63.0,75.0,0.0,1.1190864,3.3946211,1.0,1.7994134,24.405151,0
6bba_8b7818bf,1033794,23,24.0,48.0,132.0,0.8523821,4.9569554,0.3809524,2.5434792,68.92444,0
6bba_8b7818bf,1033795,23,12.0,88.0,72.0,0.8619362,5.3208547,0.1904762,2.5434792,68.92444,0
6bba_8b7818bf,1033796,23,19.0,57.0,234.0,0.96854275,2.3096416,0.3015873,2.5434792,68.92444,1
6bba_8b7818bf,1033797,23,5.0,106.0,83.0,0.78556746,4.4204397,0.07936508,2.5401762,68.65625,0
6bba_8b7818bf,1033798,23,6.0,91.0,170.0,0.7223105,4.0564685,0.0952381,2.5401762,68.65625,0
6bba_8b7818bf,1033799,23,63.0,104.0,174.0,0.99127775,2.3876512,1.0,2.1396742,41.032837,0
6bba_8b7818bf,1033800,24,37.0,23.0,235.0,2.2076004,3.6275449,0.5873016,2.5434792,68.92444,0
6bba_8b7818bf,1033801,24,19.0,60.0,163.0,1.7194333,3.9423969,0.3015873,2.5401762,68.65625,0
6bba_8b7818bf,1033802,24,46.0,0.0,194.0,1.7071711,3.6179113,0.73015875,2.1396742,41.032837,1
6bba_8b7818bf,1033803,24,39.0,16.0,166.0,1.6984025,3.902061,0.61904764,2.5434792,68.92444,0
6bba_8b7818bf,1033804,24,32.0,29.0,184.0,1.6730696,3.239717,0.50793654,2.5434792,68.92444,0
6bba_8b7818bf,1033805,24,13.0,104.0,0.0,1.455307,4.117022,0.20634921,2.1396742,41.032837,0
6bba_8b7818bf,1033806,24,7.0,91.0,196.0,1.5007308,3.8385003,0.11111111,2.5401762,68.65625,0
6bba_8b7818bf,1033807,24,46.0,120.0,152.0,1.513879,3.456675,0.73015875,2.5434792,68.92444,0
6bba_8b7818bf,1033808,24,28.0,49.0,73.0,1.4319203,3.5843244,0.44444445,2.5434792,68.92444,0
6bba_8b7818bf,1033809,24,9.0,90.0,255.0,1.1015756,9.090756,0.14285715,2.1396742,41.032837,0
6bba_8b7818bf,1033810,24,53.0,0.0,234.0,1.2235954,1.9350067,0.84126985,2.13031,40.49646,0
6bba_8b7818bf,1033811,24,0.0,112.0,234.0,1.3072817,3.5186026,0.0,2.1396742,41.032837,0
6bba_8b7818bf,1033812,24,40.0,29.0,39.0,1.3770391,5.671083,0.63492066,2.5434792,68.92444,0
6bba_8b7818bf,1033813,24,52.0,3.0,56.0,1.5136169,4.033951,0.82539684,2.5401762,68.65625,0
6bba_8b7818bf,1033814,24,31.0,57.0,9.0,1.5825022,3.3675678,0.4920635,2.5434792,68.92444,0
6bba_8b7818bf,1033815,24,28.0,40.0,233.0,1.3919823,3.8011856,0.44444445,2.5434792,68.92444,0
6bba_8b7818bf,1033816,24,50.0,0.0,255.0,1.3596709,3.2142568,0.7936508,1.7994134,24.405151,0
6bba_8b7818bf,1033817,24,44.0,129.0,188.0,1.3336759,2.889716,0.6984127,2.5434792,68.92444,0
6bba_8b7818bf,1033818,24,13.0,78.0,110.0,1.1715488,3.8541055,0.20634921,2.5434792,68.92444,0
6bba_8b7818bf,1033819,24,42.0,22.0,68.0,1.216885,4.0522366,0.6666667,2.5434792,68.92444,0
6bba_8b7818bf,1033820,24,43.0,119.0,89.0,1.420745,2.1456685,0.6825397,2.5434792,68.92444,0
6bba_8b7818bf,1033821,24,46.0,3.0,147.0,1.2022997,5.891434,0.73015875,2.5401762,68.65625,0
6bba_8b7818bf,1033822,24,20.0,76.0,36.0,1.1863365,3.705308,0.31746033,2.5434792,68.92444,0
6bba_8b7818bf,1033823,24,41.0,14.0,114.0,1.1410004,3.5539365,0.6507937,2.5434792,68.92444,0
6bba_8b7818bf,1033824,24,42.0,37.0,13.0,1.215008,3.42955,0.6666667,2.5434792,68.92444,0
6bba_8b7818bf,1033825,24,42.0,9.0,229.0,1.427349,2.0174067,0.6666667,2.5434792,68.92444,0
6bba_8b7818bf,1033826,24,50.0,0.0,183.0,1.150603,1.9748311,0.7936508,2.1396742,41.032837,1
6bba_8b7818bf,1033827,24,31.0,33.0,125.0,1.0954038,4.7736382,0.4920635,2.5434792,68.92444,0
6bba_8b7818bf,1033828,24,43.0,120.0,74.0,1.255695,1.9837923,0.6825397,2.5434792,68.92444,0
6bba_8b7818bf,1033829,24,51.0,15.0,17.0,1.1881132,2.7682402,0.8095238,2.5434792,68.92444,0
6bba_8b7818bf,1033830,24,20.0,65.0,86.0,1.0052018,4.6035275,0.31746033,2.5434792,68.92444,0
6bba_8b7818bf,1033831,24,0.0,112.0,134.0,0.8663736,3.280059,0.0,2.1396742,41.032837,0
6bba_8b7818bf,1033832,24,0.0,132.0,45.0,0.82745713,3.0177953,0.0,2.0772712,37.546387,0
6bba_8b7818bf,1033833,24,31.0,148.0,33.0,1.049008,2.291167,0.4920635,2.5434792,68.92444,0
6bba_8b7818bf,1033834,24,7.0,112.0,29.0,1.0532645,2.7134619,0.11111111,2.5434792,68.92444,0
6bba_8b7818bf,1033835,24,17.0,65.0,225.0,0.92927605,2.9377658,0.26984128,2.5434792,68.92444,1
6bba_8b7818bf,1033836,24,30.0,51.0,28.0,1.0275297,2.4580631,0.47619048,2.5434792,68.92444,0
6bba_8b7818bf,1033837,24,63.0,75.0,0.0,1.1190864,3.3946211,1.0,1.7994134,24.405151,0
6bba_8b7818bf,1033838,24,24.0,48.0,132.0,0.8523821,4.9569554,0.3809524,2.5434792,68.92444,0
6bba_8b7818bf,1033839,24,12.0,88.0,72.0,0.8619362,5.3208547,0.1904762,2.5434792,68.92444,0
6bba_8b7818bf,1033840,24,19.0,57.0,234.0,0.96854275,2.3096416,0.3015873,2.5434792,68.92444,1
6bba_8b7818bf,1033841,24,5.0,106.0,83.0,0.78556746,4.4204397,0.07936508,2.5401762,68.65625,0
6bba_8b7818bf,1033842,24,6.0,91.0,170.0,0.7223105,4.0564685,0.0952381,2.5401762,68.65625,0
6bba_8b7818bf,1033843,24,63.0,104.0,174.0,0.99127775,2.3876512,1.0,2.1396742,41.032837,0
6bba_8b7818bf,1033844,25,49.0,0.0,216.0,1.6245129,4.06667,0.7777778,2.1396742,41.032837,0
6bba_8b7818bf,1033845,25,46.0,0.0,181.0,1.9426341,4.9825497,0.73015875,2.1396742,41.032837,0
6bba_8b7818bf,1033846,25,8.0,92.0,255.0,1.672236,7.4800515,0.12698413,2.1396742,41.032837,0
6bba_8b7818bf,1033847,25,6.0,95.0,194.0,1.6438912,3.791613,0.0952381,2.5335438,68.11987,0
6bba_8b7818bf,1033848,25,17.0,64.0,169.0,1.6413658,3.3452787,0.26984128,2.5434792,68.92444,0
6bba_8b7818bf,1033849,25,36.0,25.0,231.0,1.7823067,3.5684946,0.5714286,2.5434792,68.92444,0
6bba_8b7818bf,1033850,25,36.0,19.0,177.0,1.6585102,3.4998536,0.5714286,2.5434792,68.92444,0
6bba_8b7818bf,1033851,25,31.0,57.0,8.0,1.7897326,3.939378,0.4920635,2.5434792,68.92444,0
6bba_8b7818bf,1033852,25,30.0,33.0,200.0,1.5852789,2.947628,0.47619048,2.5434792,68.92444,0
6bba_8b7818bf,1033853,25,44.0,123.0,156.0,1.5289364,3.3673017,0.6984127,2.5434792,68.92444,0
6bba_8b7818bf,1033854,25,27.0,49.0,75.0,1.4437532,3.4908597,0.42857143,2.5434792,68.92444,0
6bba_8b7818bf,1033855,25,52.0,0.0,64.0,1.356869,3.4042335,0.82539684,2.1396742,41.032837,0
6bba_8b7818bf,1033856,25,53.0,0.0,242.0,1.137278,1.5707687,0.84126985,2.125597,40.22827,0
6bba_8b7818bf,1033857,25,42.0,8.0,235.0,1.5321286,2.7131875,0.6666667,2.5434792,68.92444,0
6bba_8b7818bf,1033858,25,0.0,113.0,229.0,1.1172405,3.6768591,0.0,2.1350024,40.76465,0
6bba_8b7818bf,1033859,25,27.0,42.0,233.0,1.2928152,3.7144659,0.42857143,2.5434792,68.92444,0
6bba_8b7818bf,1033860,25,13.0,103.0,0.0,1.2620746,3.4274046,0.20634921,2.1396742,41.032837,0
6bba_8b7818bf,1033861,25,41.0,22.0,71.0,1.2137017,3.8484867,0.6507937,2.5434792,68.92444,0
6bba_8b7818bf,1033862,25,53.0,11.0,20.0,1.40018,3.0775394,0.84126985,2.5434792,68.92444,0
6bba_8b7818bf,1033863,25,41.0,39.0,4.0,1.3499663,3.8243284,0.6507937,2.5434792,68.92444,0
6bba_8b7818bf,1033864,25,41.0,28.0,38.0,1.1930044,4.15827,0.6507937,2.5434792,68.92444,0
6bba_8b7818bf,1033865,25,19.0,78.0,36.0,1.1941415,3.4304528,0.3015873,2.5434792,68.92444,0
6bba_8b7818bf,1033866,25,43.0,120.0,97.0,1.313152,2.10419,0.6825397,2.5434792,68.92444,0
6bba_8b7818bf,1033867,25,11.0,86.0,103.0,1.1157496,3.496507,0.17460318,2.5434792,68.92444,0
6bba_8b7818bf,1033868,25,43.0,131.0,188.0,1.2457848,2.3525581,0.6825397,2.5434792,68.92444,0
6bba_8b7818bf,1033869,25,41.0,8.0,203.0,1.1420691,4.357428,0.6507937,2.5434792,68.92444,0
6bba_8b7818bf,1033870,25,39.0,16.0,130.0,1.0408788,3.1376884,0.61904764,2.5434792,68.92444,0
6bba_8b7818bf,1033871,25,29.0,37.0,141.0,0.9544537,5.136461,0.46031746,2.5434792,68.92444,0
6bba_8b7818bf,1033872,25,29.0,51.0,29.0,1.1325879,2.6063185,0.46031746,2.5434792,68.92444,0
6bba_8b7818bf,1033873,25,21.0,56.0,134.0,0.9117389,5.7786007,0.33333334,2.5434792,68.92444,0
6bba_8b7818bf,1033874,25,16.0,65.0,238.0,1.0852104,2.3025205,0.25396827,2.5434792,68.92444,1
6bba_8b7818bf,1033875,25,20.0,67.0,85.0,0.96072876,4.1527514,0.31746033,2.5434792,68.92444,0
6bba_8b7818bf,1033876,25,11.0,89.0,66.0,0.97864944,3.3431478,0.17460318,2.5434792,68.92444,1
6bba_8b7818bf,1033877,25,8.0,113.0,20.0,0.9646609,3.1629672,0.12698413,2.5401762,68.65625,0
6bba_8b7818bf,1033878,25,32.0,145.0,36.0,1.0371614,2.195236,0.50793654,2.5434792,68.92444,0
6bba_8b7818bf,1033879,25,18.0,59.0,239.0,1.0290093,2.0666895,0.2857143,2.5434792,68.92444,1
6bba_8b7818bf,1033880,25,0.0,119.0,118.0,0.8264138,2.857495,0.0,2.1350024,40.76465,1
6bba_8b7818bf,1033881,25,46.0,5.0,154.0,0.8225644,4.1675797,0.73015875,2.5401762,68.65625,0
6bba_8b7818bf,1033882,25,0.0,117.0,128.0,0.73775667,2.8357224,0.0,2.13031,40.49646,1
6bba_8b7818bf,1033883,25,62.0,74.0,0.0,1.274016,2.5565894,0.984127,1.9566469,31.378052,0
6bba_8b7818bf,1033884,25,17.0,79.0,60.0,0.87931347,2.6609209,0.26984128,2.5434792,68.92444,1
6bba_8b7818bf,1033885,25,21.0,56.0,103.0,0.81760013,2.930251,0.33333334,2.5434792,68.92444,0
6bba_8b7818bf,1033886,25,0.0,120.0,51.0,0.8438661,2.3708842,0.0,2.1396742,41.032837,0
6bba_8b7818bf,1033887,25,36.0,21.0,116.0,0.8672293,2.3429275,0.5714286,2.5434792,68.92444,0
6bba_8b7818bf,1033888,26,49.0,0.0,218.0,1.6770997,3.7632167,0.7777778,2.1350024,40.76465,0
6bba_8b7818bf,1033889,26,36.0,24.0,233.0,1.9380172,3.7713928,0.5714286,2.5434792,68.92444,0
6bba_8b7818bf,1033890,26,6.0,95.0,195.0,1.6738824,3.819786,0.0952381,2.5368643,68.38806,0
6bba_8b7818bf,1033891,26,8.0,92.0,255.0,1.4715319,8.446413,0.12698413,2.1396742,41.032837,0
6bba_8b7818bf,1033892,26,36.0,19.0,177.0,1.6264136,3.5315566,0.5714286,2.5434792,68.92444,1
6bba_8b7818bf,1033893,26,27.0,41.0,232.0,1.566253,4.491137,0.42857143,2.5434792,68.92444,0
6bba_8b7818bf,1033894,26,28.0,35.0,198.0,1.6522989,3.0890028,0.44444445,2.5434792,68.92444,0
6bba_8b7818bf,1033895,26,16.0,67.0,169.0,1.5074943,3.5590475,0.25396827,2.5434792,68.92444,0
6bba_8b7818bf,1033896,26,44.0,124.0,157.0,1.536458,3.2960799,0.6984127,2.5434792,68.92444,0
6bba_8b7818bf,1033897,26,0.0,113.0,229.0,1.2875587,3.6821043,0.0,2.1350024,40.76465,1
6bba_8b7818bf,1033898,26,46.0,0.0,184.0,1.5299027,3.9163747,0.73015875,2.1396742,41.032837,1
6bba_8b7818bf,1033899,26,31.0,58.0,8.0,1.595486,3.7858105,0.4920635,2.5434792,68.92444,0
6bba_8b7818bf,1033900,26,0.0,113.0,224.0,1.2085366,3.3223524,0.0,2.1350024,40.76465,1
6bba_8b7818bf,1033901,26,52.0,0.0,69.0,1.3359493,3.9582095,0.82539684,2.1396742,41.032837,0
6bba_8b7818bf,1033902,26,14.0,102.0,0.0,1.3043741,4.0092273,0.22222222,2.1396742,41.032837,0
6bba_8b7818bf,1033903,26,42.0,21.0,68.0,1.2407839,3.8553236,0.6666667,2.5434792,68.92444,0
6bba_8b7818bf,1033904,26,52.0,12.0,21.0,1.4517958,2.8416321,0.82539684,2.5434792,68.92444,0
6bba_8b7818bf,1033905,26,41.0,27.0,37.0,1.2616822,4.147216,0.6507937,2.5434792,68.92444,0
6bba_8b7818bf,1033906,26,27.0,49.0,77.0,1.1961874,3.0960495,0.42857143,2.5434792,68.92444,0
6bba_8b7818bf,1033907,26,19.0,78.0,36.0,1.1791664,3.3119805,0.3015873,2.5434792,68.92444,0
6bba_8b7818bf,1033908,26,43.0,130.0,188.0,1.2457619,2.4378676,0.6825397,2.5434792,68.92444,0
6bba_8b7818bf,1033909,26,42.0,8.0,237.0,1.3977915,2.446132,0.6666667,2.5434792,68.92444,0
6bba_8b7818bf,1033910,26,11.0,86.0,103.0,1.0641932,3.5372512,0.17460318,2.5401762,68.65625,0
6bba_8b7818bf,1033911,26,46.0,4.0,156.0,1.0710117,4.6320906,0.73015875,2.5401762,68.65625,0
6bba_8b7818bf,1033912,26,43.0,120.0,96.0,1.2684276,1.9554403,0.6825397,2.5434792,68.92444,0
6bba_8b7818bf,1033913,26,41.0,37.0,7.0,1.21293,4.04624,0.6507937,2.5434792,68.92444,0
6bba_8b7818bf,1033914,26,29.0,37.0,142.0,0.99066514,4.9899874,0.46031746,2.5434792,68.92444,0
6bba_8b7818bf,1033915,26,39.0,16.0,134.0,1.0308543,3.3616047,0.61904764,2.5434792,68.92444,0
6bba_8b7818bf,1033916,26,12.0,89.0,63.0,1.0722494,3.1750126,0.1904762,2.5401762,68.65625,1
6bba_8b7818bf,1033917,26,40.0,8.0,201.0,1.0565389,4.029907,0.63492066,2.5434792,68.92444,0
6bba_8b7818bf,1033918,26,29.0,51.0,28.0,1.1012084,2.5304174,0.46031746,2.5434792,68.92444,0
6bba_8b7818bf,1033919,26,20.0,57.0,135.0,0.8669735,6.1296926,0.31746033,2.5434792,68.92444,0
6bba_8b7818bf,1033920,26,16.0,66.0,242.0,1.038052,2.1426675,0.25396827,2.5434792,68.92444,1
6bba_8b7818bf,1033921,26,20.0,66.0,85.0,0.9413374,4.046124,0.31746033,2.5434792,68.92444,0
6bba_8b7818bf,1033922,26,17.0,80.0,61.0,0.9872993,2.6050692,0.26984128,2.5401762,68.65625,1
6bba_8b7818bf,1033923,26,31.0,147.0,39.0,1.023022,2.1844149,0.4920635,2.5434792,68.92444,0
6bba_8b7818bf,1033924,26,0.0,119.0,116.0,0.83624077,2.818587,0.0,2.1350024,40.76465,0
6bba_8b7818bf,1033925,26,18.0,58.0,241.0,1.0087413,2.1478062,0.2857143,2.5434792,68.92444,1
6bba_8b7818bf,1033926,26,7.0,114.0,21.0,0.9609159,2.946849,0.11111111,2.5434792,68.92444,0
6bba_8b7818bf,1033927,26,0.0,120.0,50.0,0.8975038,2.4660592,0.0,2.1396742,41.032837,0
6bba_8b7818bf,1033928,26,0.0,102.0,163.0,0.7733745,4.009976,0.0,2.1396742,41.032837,0
6bba_8b7818bf,1033929,26,60.0,74.0,0.0,1.2587641,2.4612033,0.95238096,2.1350024,40.76465,0
6bba_8b7818bf,1033930,26,43.0,8.0,180.0,1.0583702,1.3983371,0.6825397,2.5434792,68.92444,2
6bba_8b7818bf,1033931,26,11.0,201.0,0.0,0.58897173,8.154625,0.17460318,2.1350024,40.76465,0
6bba_8b7818bf,1033932,26,5.0,108.0,81.0,0.84539926,4.151914,0.07936508,2.5401762,68.65625,0
6bba_8b7818bf,1033933,26,21.0,56.0,103.0,0.8088955,2.8492596,0.33333334,2.5434792,68.92444,0
6bba_8b7818bf,1033934,26,11.0,204.0,236.0,0.9604775,2.0085723,0.17460318,2.5434792,68.92444,0
6bba_8b7818bf,1033935,26,35.0,22.0,115.0,0.8201029,2.7060952,0.5555556,2.5434792,68.92444,0
6bba_8b7818bf,1033936,27,35.0,25.0,235.0,2.0654263,3.5068874,0.5555556,2.5434792,68.92444,0
6bba_8b7818bf,1033937,27,49.0,0.0,219.0,1.506651,2.8931243,0.7777778,2.1350024,40.76465,0
6bba_8b7818bf,1033938,27,35.0,21.0,176.0,1.7522424,4.1792035,0.5555556,2.5434792,68.92444,0
6bba_8b7818bf,1033939,27,7.0,94.0,255.0,1.5873609,5.1145806,0.11111111,2.1396742,41.032837,0
6bba_8b7818bf,1033940,27,27.0,40.0,231.0,1.6444532,3.8103971,0.42857143,2.5434792,68.92444,0
6bba_8b7818bf,1033941,27,5.0,97.0,194.0,1.6349218,3.9873924,0.07936508,2.5401762,68.65625,0
6bba_8b7818bf,1033942,27,43.0,126.0,160.0,1.6241618,3.086428,0.6825397,2.5434792,68.92444,0
6bba_8b7818bf,1033943,27,27.0,37.0,200.0,1.5850916,3.0658145,0.42857143,2.5434792,68.92444,0
6bba_8b7818bf,1033944,27,45.0,0.0,186.0,1.4895669,3.7865179,0.71428573,2.1396742,41.032837,0
6bba_8b7818bf,1033945,27,15.0,69.0,169.0,1.2960578,3.3831017,0.23809524,2.5434792,68.92444,1
6bba_8b7818bf,1033946,27,31.0,59.0,7.0,1.4763843,3.5908506,0.4920635,2.5434792,68.92444,0
6bba_8b7818bf,1033947,27,41.0,38.0,8.0,1.3894293,4.557369,0.6507937,2.5434792,68.92444,0
6bba_8b7818bf,1033948,27,13.0,104.0,0.0,1.220849,4.600208,0.20634921,2.1396742,41.032837,0
6bba_8b7818bf,1033949,27,18.0,64.0,161.0,1.2257997,2.9803834,0.2857143,2.5401762,68.65625,1
6bba_8b7818bf,1033950,27,28.0,47.0,80.0,1.2508723,3.58115,0.44444445,2.5434792,68.92444,1
6bba_8b7818bf,1033951,27,52.0,0.0,71.0,1.2200435,3.293309,0.82539684,2.1396742,41.032837,0
6bba_8b7818bf,1033952,27,0.0,115.0,225.0,0.95117986,3.7460966,0.0,2.125597,40.22827,0
6bba_8b7818bf,1033953,27,41.0,29.0,35.0,1.223192,4.4122396,0.6507937,2.5434792,68.92444,0
6bba_8b7818bf,1033954,27,42.0,133.0,190.0,1.2944137,2.4832206,0.6666667,2.5434792,68.92444,0
6bba_8b7818bf,1033955,27,43.0,7.0,157.0,1.1246871,5.2242823,0.6825397,2.5434792,68.92444,0
6bba_8b7818bf,1033956,27,42.0,22.0,67.0,1.1089767,4.272401,0.6666667,2.5434792,68.92444,0
6bba_8b7818bf,1033957,27,19.0,80.0,34.0,1.1801711,3.0970118,0.3015873,2.5434792,68.92444,0
6bba_8b7818bf,1033958,27,27.0,51.0,69.0,1.0851647,2.9473825,0.42857143,2.5434792,68.92444,1
6bba_8b7818bf,1033959,27,53.0,11.0,22.0,1.250845,2.7777152,0.84126985,2.5434792,68.92444,0
6bba_8b7818bf,1033960,27,42.0,122.0,100.0,1.2638243,2.0712047,0.6666667,2.5434792,68.92444,0
6bba_8b7818bf,1033961,27,41.0,8.0,233.0,1.3419558,2.232057,0.6507937,2.5434792,68.92444,0
6bba_8b7818bf,1033962,27,10.0,89.0,99.0,1.0047634,3.4638307,0.15873016,2.5434792,68.92444,0
6bba_8b7818bf,1033963,27,15.0,83.0,63.0,1.0525247,2.8393638,0.23809524,2.5434792,68.92444,0
6bba_8b7818bf,1033964,27,29.0,37.0,143.0,0.91852087,5.2918134,0.46031746,2.5434792,68.92444,0
6bba_8b7818bf,1033965,27,20.0,67.0,82.0,0.96003914,5.2266645,0.31746033,2.5434792,68.92444,0
6bba_8b7818bf,1033966,27,38.0,17.0,203.0,0.9972826,4.107134,0.6031746,2.5434792,68.92444,0
6bba_8b7818bf,1033967,27,19.0,60.0,134.0,0.8689465,5.7317758,0.3015873,2.5434792,68.92444,0
6bba_8b7818bf,1033968,27,11.0,202.0,0.0,0.8538158,7.1430206,0.17460318,2.1350024,40.76465,0
6bba_8b7818bf,1033969,27,38.0,18.0,134.0,0.93564236,3.2434206,0.6031746,2.5434792,68.92444,0
6bba_8b7818bf,1033970,27,29.0,52.0,28.0,1.0646133,2.5229576,0.46031746,2.5434792,68.92444,0
6bba_8b7818bf,1033971,27,45.0,6.0,248.0,1.197722,2.3645306,0.71428573,2.5434792,68.92444,0
6bba_8b7818bf,1033972,27,0.0,121.0,108.0,0.83248186,3.1468778,0.0,2.1350024,40.76465,0
6bba_8b7818bf,1033973,27,0.0,104.0,161.0,0.7857176,4.831219,0.0,2.1396742,41.032837,0
6bba_8b7818bf,1033974,27,30.0,152.0,40.0,0.9906789,2.193317,0.47619048,2.5434792,68.92444,0
6bba_8b7818bf,1033975,27,0.0,123.0,47.0,0.8968901,2.372477,0.0,2.1396742,41.032837,0
6bba_8b7818bf,1033976,27,58.0,79.0,0.0,1.3529948,2.1836002,0.9206349,2.1396742,41.032837,0
6bba_8b7818bf,1033977,27,4.0,112.0,78.0,0.9013764,4.6030483,0.06349207,2.5401762,68.65625,0
6bba_8b7818bf,1033978,27,9.0,113.0,19.0,0.8498612,2.7028968,0.14285715,2.4687274,63.024292,0
6bba_8b7818bf,1033979,27,14.0,72.0,246.0,0.8523638,2.405262,0.22222222,2.5434792,68.92444,0
6bba_8b7818bf,1033980,27,63.0,0.0,0.0,0.76564944,2.2988982,1.0,1.4437205,12.604858,0
6bba_8b7818bf,1033981,27,10.0,209.0,241.0,0.99504936,2.115305,0.15873016,2.5434792,68.92444,0
6bba_8b7818bf,1033982,27,18.0,58.0,240.0,0.8566157,2.2702093,0.2857143,2.5434792,68.92444,0
6bba_8b7818bf,1033983,27,35.0,23.0,113.0,0.77492195,2.878789,0.5555556,2.5434792,68.92444,0
6bba_8b7818bf,1033984,27,21.0,57.0,103.0,0.7577091,2.9278536,0.33333334,2.5434792,68.92444,0
6bba_8b7818bf,1033985,27,63.0,102.0,174.0,0.96526444,1.814822,1.0,2.1396742,41.032837,0
6bba_8b7818bf,1033986,28,34.0,28.0,237.0,2.509303,4.3579726,0.53968257,2.5434792,68.92444,0
6bba_8b7818bf,1033987,28,34.0,23.0,176.0,2.0567536,4.85032,0.53968257,2.5434792,68.92444,0
6bba_8b7818bf,1033988,28,26.0,41.0,198.0,1.8332283,3.240748,0.41269842,2.5434792,68.92444,0
6bba_8b7818bf,1033989,28,43.0,128.0,160.0,1.6736357,3.1633005,0.6825397,2.5434792,68.92444,0
6bba_8b7818bf,1033990,28,48.0,0.0,216.0,1.6297063,3.5587997,0.7619048,2.1396742,41.032837,1
6bba_8b7818bf,1033991,28,6.0,97.0,194.0,1.6213168,3.5947838,0.0952381,2.5268764,67.583496,0
6bba_8b7818bf,1033992,28,8.0,94.0,252.0,1.5608816,5.1687846,0.12698413,2.5401762,68.65625,0
6bba_8b7818bf,1033993,28,27.0,41.0,228.0,1.5954405,3.2754323,0.42857143,2.5434792,68.92444,0
6bba_8b7818bf,1033994,28,17.0,68.0,160.0,1.4144288,3.273468,0.26984128,2.5434792,68.92444,0
6bba_8b7818bf,1033995,28,42.0,10.0,157.0,1.2659843,6.3656683,0.6666667,2.5434792,68.92444,0
6bba_8b7818bf,1033996,28,10.0,92.0,99.0,1.282969,4.071519,0.15873016,2.5434792,68.92444,0
6bba_8b7818bf,1033997,28,0.0,117.0,225.0,1.0530777,3.8926404,0.0,2.1161075,39.691895,0
6bba_8b7818bf,1033998,28,41.0,39.0,8.0,1.3685583,4.546078,0.6507937,2.5434792,68.92444,0
6bba_8b7818bf,1033999,28,41.0,30.0,36.0,1.2907784,4.6077046,0.6507937,2.5434792,68.92444,0
6bba_8b7818bf,1034000,28,31.0,61.0,7.0,1.4117206,3.4930553,0.4920635,2.5401762,68.65625,0
6bba_8b7818bf,1034001,28,43.0,132.0,197.0,1.3285699,2.5661876,0.6825397,2.5434792,68.92444,1
6bba_8b7818bf,1034002,28,42.0,134.0,192.0,1.3423805,2.3290684,0.6666667,2.5434792,68.92444,1
6bba_8b7818bf,1034003,28,37.0,17.0,200.0,1.1977402,6.8771725,0.5873016,2.5434792,68.92444,0
6bba_8b7818bf,1034004,28,47.0,0.0,183.0,1.3107721,2.6236968,0.74603176,2.1396742,41.032837,1
6bba_8b7818bf,1034005,28,41.0,10.0,222.0,1.3941379,2.5838928,0.6507937,2.5401762,68.65625,1
6bba_8b7818bf,1034006,28,14.0,105.0,0.0,0.981121,5.0776424,0.22222222,2.1350024,40.76465,0
6bba_8b7818bf,1034007,28,28.0,47.0,81.0,1.1747776,3.4305458,0.44444445,2.5434792,68.92444,1
6bba_8b7818bf,1034008,28,19.0,82.0,33.0,1.1861447,3.083377,0.3015873,2.5434792,68.92444,0
6bba_8b7818bf,1034009,28,41.0,24.0,67.0,1.050264,4.669611,0.6507937,2.5434792,68.92444,0
6bba_8b7818bf,1034010,28,42.0,125.0,98.0,1.3002502,2.04907,0.6666667,2.5434792,68.92444,0
6bba_8b7818bf,1034011,28,28.0,52.0,69.0,1.0763049,3.2125626,0.44444445,2.5434792,68.92444,1
6bba_8b7818bf,1034012,28,52.0,0.0,73.0,1.0955613,2.7218928,0.82539684,2.1396742,41.032837,0
6bba_8b7818bf,1034013,28,19.0,64.0,132.0,0.9373961,6.6397667,0.3015873,2.5434792,68.92444,0
6bba_8b7818bf,1034014,28,16.0,84.0,63.0,1.0297766,2.6041148,0.25396827,2.5032594,65.70618,1
6bba_8b7818bf,1034015,28,11.0,92.0,64.0,1.0763413,2.7705164,0.17460318,2.5434792,68.92444,1
6bba_8b7818bf,1034016,28,20.0,68.0,81.0,0.96982604,6.042866,0.31746033,2.5434792,68.92444,0
6bba_8b7818bf,1034017,28,11.0,204.0,0.0,0.9038786,5.322613,0.17460318,2.1350024,40.76465,0
6bba_8b7818bf,1034018,28,52.0,12.0,24.0,1.1233902,2.768165,0.82539684,2.5434792,68.92444,0
6bba_8b7818bf,1034019,28,42.0,7.0,183.0,1.1402148,2.4325466,0.6666667,2.5434792,68.92444,1
6bba_8b7818bf,1034020,28,29.0,54.0,28.0,1.068098,2.618964,0.46031746,2.5434792,68.92444,0
6bba_8b7818bf,1034021,28,44.0,7.0,249.0,1.170617,2.850423,0.6984127,2.5434792,68.92444,0
6bba_8b7818bf,1034022,28,30.0,154.0,43.0,0.98758245,2.2883785,0.47619048,2.5434792,68.92444,0
6bba_8b7818bf,1034023,28,3.0,115.0,77.0,0.9438317,4.895252,0.04761905,2.5401762,68.65625,0
6bba_8b7818bf,1034024,29,34.0,29.0,238.0,2.7317686,4.444276,0.53968257,2.5434792,68.92444,1
6bba_8b7818bf,1034025,29,33.0,25.0,176.0,2.182724,4.841499,0.52380955,2.5434792,68.92444,0
6bba_8b7818bf,1034026,29,25.0,44.0,198.0,1.9733702,3.2955868,0.3968254,2.5434792,68.92444,0
6bba_8b7818bf,1034027,29,16.0,70.0,162.0,1.6859667,3.511106,0.25396827,2.5434792,68.92444,0
6bba_8b7818bf,1034028,29,43.0,130.0,165.0,1.7313166,3.209888,0.6825397,2.5434792,68.92444,0
6bba_8b7818bf,1034029,29,8.0,98.0,100.0,1.565979,4.445434,0.12698413,2.5434792,68.92444,0
6bba_8b7818bf,1034030,29,6.0,97.0,192.0,1.5433815,3.5401745,0.0952381,2.5401762,68.65625,0
6bba_8b7818bf,1034031,29,28.0,39.0,229.0,1.7066778,2.3700504,0.44444445,2.5434792,68.92444,1
6bba_8b7818bf,1034032,29,42.0,38.0,12.0,1.5822144,4.3876314,0.6666667,2.5434792,68.92444,0
6bba_8b7818bf,1034033,29,8.0,94.0,255.0,1.4072464,3.8484254,0.12698413,2.1396742,41.032837,0
6bba_8b7818bf,1034034,29,52.0,21.0,0.0,1.4224509,6.562946,0.82539684,2.1396742,41.032837,0
6bba_8b7818bf,1034035,29,27.0,48.0,84.0,1.4170502,3.3626063,0.42857143,2.5434792,68.92444,0
6bba_8b7818bf,1034036,29,0.0,118.0,228.0,1.1309645,3.9473457,0.0,2.1350024,40.76465,0
6bba_8b7818bf,1034037,29,46.0,2.0,219.0,1.4844922,2.90882,0.73015875,2.4687274,63.024292,1
6bba_8b7818bf,1034038,29,39.0,32.0,42.0,1.2971219,4.835659,0.61904764,2.5434792,68.92444,0
6bba_8b7818bf,1034039,29,31.0,61.0,13.0,1.4612539,3.217096,0.4920635,2.5401762,68.65625,0
6bba_8b7818bf,1034040,29,35.0,22.0,202.0,1.2417521,5.4954166,0.5555556,2.5434792,68.92444,0
6bba_8b7818bf,1034041,29,41.0,12.0,163.0,1.2035221,4.1174536,0.6507937,2.5434792,68.92444,0
6bba_8b7818bf,1034042,29,11.0,207.0,5.0,1.1832494,5.7610917,0.17460318,2.5434792,68.92444,0
6bba_8b7818bf,1034043,29,19.0,81.0,46.0,1.1931231,3.723272,0.3015873,2.5401762,68.65625,0
6bba_8b7818bf,1034044,29,41.0,25.0,72.0,1.1261578,4.5223165,0.6507937,2.5434792,68.92444,0
6bba_8b7818bf,1034045,29,40.0,10.0,236.0,1.4038701,2.439172,0.63492066,2.5434792,68.92444,1
6bba_8b7818bf,1034046,29,40.0,11.0,226.0,1.3926626,2.165047,0.63492066,2.5434792,68.92444,2
6bba_8b7818bf,1034047,29,44.0,132.0,205.0,1.2093632,2.85529,0.6984127,2.5434792,68.92444,0
6bba_8b7818bf,1034048,29,42.0,125.0,105.0,1.2549003,2.2392578,0.6666667,2.5434792,68.92444,0
6bba_8b7818bf,1034049,29,42.0,8.0,190.0,1.1673883,3.3826723,0.6666667,2.5434792,68.92444,0
6bba_8b7818bf,1034050,29,52.0,0.0,80.0,1.1535947,2.5840323,0.82539684,2.1350024,40.76465,0
6bba_8b7818bf,1034051,29,42.0,125.0,89.0,1.2550555,2.0759022,0.6666667,2.5434792,68.92444,0
6bba_8b7818bf,1034052,29,29.0,53.0,33.0,1.128866,2.6216238,0.46031746,2.5434792,68.92444,0
6bba_8b7818bf,1034053,29,38.0,48.0,0.0,1.2142901,2.5391788,0.6031746,2.1396742,41.032837,0
6bba_8b7818bf,1034054,29,13.0,110.0,0.0,0.9727669,4.4644294,0.20634921,2.1350024,40.76465,0
6bba_8b7818bf,1034055,29,18.0,66.0,133.0,0.87854624,6.524172,0.2857143,2.5434792,68.92444,0
6bba_8b7818bf,1034056,30,33.0,24.0,177.0,2.2844667,5.2834244,0.52380955,2.5434792,68.92444,0
6bba_8b7818bf,1034057,30,34.0,28.0,240.0,2.3598218,3.748844,0.53968257,2.5434792,68.92444,0
6bba_8b7818bf,1034058,30,25.0,43.0,196.0,1.8926901,3.3513043,0.3968254,2.5434792,68.92444,0
6bba_8b7818bf,1034059,30,43.0,130.0,167.0,1.7669388,3.222324,0.6825397,2.5434792,68.92444,0
6bba_8b7818bf,1034060,30,27.0,40.0,228.0,1.7715378,3.2479196,0.42857143,2.5434792,68.92444,0
6bba_8b7818bf,1034061,30,16.0,71.0,164.0,1.5834477,3.1831124,0.25396827,2.5401762,68.65625,1
6bba_8b7818bf,1034062,30,15.0,72.0,168.0,1.5682807,3.1932044,0.23809524,2.5434792,68.92444,1
6bba_8b7818bf,1034063,30,8.0,99.0,101.0,1.5787709,3.736951,0.12698413,2.5401762,68.65625,0
6bba_8b7818bf,1034064,30,6.0,96.0,194.0,1.5368234,3.500408,0.0952381,2.5401762,68.65625,0
6bba_8b7818bf,1034065,30,42.0,37.0,14.0,1.5241865,4.2898884,0.6666667,2.5434792,68.92444,0
6bba_8b7818bf,1034066,30,39.0,31.0,43.0,1.3883151,4.6784577,0.61904764,2.5434792,68.92444,0
6bba_8b7818bf,1034067,30,8.0,93.0,248.0,1.2764472,7.0110793,0.12698413,2.5434792,68.92444,1
6bba_8b7818bf,1034068,30,8.0,94.0,255.0,1.3595614,3.564208,0.12698413,2.1350024,40.76465,1
6bba_8b7818bf,1034069,30,53.0,20.0,0.0,1.3854368,4.398204,0.84126985,2.1396742,41.032837,0
6bba_8b7818bf,1034070,30,40.0,25.0,73.0,1.2696105,5.1590295,0.63492066,2.5434792,68.92444,0
6bba_8b7818bf,1034071,30,44.0,5.0,220.0,1.5256709,3.046982,0.6984127,2.5434792,68.92444,1
6bba_8b7818bf,1034072,30,0.0,118.0,227.0,1.0276014,3.9675813,0.0,2.1113307,39.423706,0
6bba_8b7818bf,1034073,30,40.0,13.0,164.0,1.3044747,4.0094137,0.63492066,2.5434792,68.92444,0
6bba_8b7818bf,1034074,30,29.0,66.0,11.0,1.3598217,3.5418231,0.46031746,2.5434792,68.92444,0
6bba_8b7818bf,1034075,30,34.0,22.0,203.0,1.279329,5.935777,0.53968257,2.5434792,68.92444,0
6bba_8b7818bf,1034076,30,27.0,50.0,80.0,1.2636826,3.0070257,0.42857143,2.5434792,68.92444,0
6bba_8b7818bf,1034077,30,38.0,48.0,0.0,1.3758246,3.8154068,0.6031746,2.1396742,41.032837,0
6bba_8b7818bf,1034078,30,63.0,54.0,1.0,1.418974,4.3700614,1.0,1.9566469,31.378052,0
6bba_8b7818bf,1034079,30,40.0,10.0,227.0,1.4186897,2.2398465,0.63492066,2.5434792,68.92444,1
6bba_8b7818bf,1034080,30,44.0,133.0,206.0,1.2041751,2.8949325,0.6984127,2.5434792,68.92444,0
6bba_8b7818bf,1034081,30,19.0,82.0,46.0,1.1429641,3.497708,0.3015873,2.5401762,68.65625,0
6bba_8b7818bf,1034082,30,42.0,7.0,190.0,1.228855,3.485691,0.6666667,2.5434792,68.92444,1
6bba_8b7818bf,1034083,30,51.0,2.0,81.0,1.151868,3.0371819,0.8095238,2.4687274,63.024292,0
6bba_8b7818bf,1034084,30,17.0,68.0,133.0,0.9469913,6.552738,0.26984128,2.5434792,68.92444,0
6bba_8b7818bf,1034085,30,42.0,126.0,90.0,1.2454741,2.1359568,0.6666667,2.5434792,68.92444,1
6bba_8b7818bf,1034086,30,42.0,126.0,105.0,1.2173736,2.2085273,0.6666667,2.5434792,68.92444,1
6bba_8b7818bf,1034087,30,46.0,0.0,191.0,1.2064654,2.2061782,0.73015875,2.1396742,41.032837,2
6bba_8b7818bf,1034088,30,11.0,208.0,8.0,1.0262874,4.3641353,0.17460318,2.5434792,68.92444,1
6bba_8b7818bf,1034089,30,11.0,114.0,0.0,1.0681288,3.262851,0.17460318,2.1396742,41.032837,1
6bba_8b7818bf,1034090,30,10.0,210.0,0.0,1.0379115,2.7580345,0.15873016,2.1350024,40.76465,1
6bba_8b7818bf,1034091,30,29.0,54.0,33.0,1.1215405,2.7412703,0.46031746,2.5434792,68.92444,0
6bba_8b7818bf,1034092,30,38.0,18.0,139.0,0.9747356,3.4205067,0.6031746,2.5434792,68.92444,0
6bba_8b7818bf,1034093,30,0.0,126.0,49.0,0.9765336,2.671429,0.0,2.1396742,41.032837,0
6bba_8b7818bf,1034094,30,29.0,40.0,144.0,0.88231856,4.737841,0.46031746,2.5434792,68.92444,0
6bba_8b7818bf,1034095,30,12.0,110.0,5.0,0.94290847,3.5224395,0.1904762,2.5401762,68.65625,1
6bba_8b7818bf,1034096,30,10.0,210.0,242.0,1.1256554,2.3179922,0.15873016,2.5434792,68.92444,0
6bba_8b7818bf,1034097,30,47.0,0.0,255.0,1.1221174,2.3344426,0.74603176,1.7927979,24.136963,0
6bba_8b7818bf,1034098,30,30.0,154.0,50.0,1.0144955,2.2623177,0.47619048,2.5434792,68.92444,0
6bba_8b7818bf,1034099,30,7.0,123.0,14.0,0.9383963,2.893838,0.11111111,2.5401762,68.65625,0
6bba_8b7818bf,1034100,30,10.0,97.0,65.0,0.9104328,2.835853,0.15873016,2.5401762,68.65625,0
6bba_8b7818bf,1034101,30,3.0,117.0,77.0,0.90662134,4.3071923,0.04761905,2.5401762,68.65625,0
6bba_8b7818bf,1034102,30,49.0,0.0,177.0,0.82136613,2.184458,0.7777778,2.1396742,41.032837,1
6bba_8b7818bf,1034103,31,33.0,28.0,232.0,2.3077679,3.1868706,0.52380955,2.5434792,68.92444,1
6bba_8b7818bf,1034104,31,32.0,24.0,180.0,2.0687466,4.752707,0.50793654,2.5434792,68.92444,0
6bba_8b7818bf,1034105,31,25.0,43.0,197.0,2.003567,3.307119,0.3968254,2.5434792,68.92444,0
6bba_8b7818bf,1034106,31,28.0,39.0,231.0,1.9863722,2.5863953,0.44444445,2.5434792,68.92444,1
6bba_8b7818bf,1034107,31,43.0,130.0,169.0,1.6986217,3.3985126,0.6825397,2.5434792,68.92444,0
6bba_8b7818bf,1034108,31,15.0,71.0,165.0,1.5655633,3.500629,0.23809524,2.5434792,68.92444,0
6bba_8b7818bf,1034109,31,6.0,95.0,194.0,1.5460212,3.8788168,0.0952381,2.5401762,68.65625,0
6bba_8b7818bf,1034110,31,38.0,48.0,0.0,1.5815921,4.527944,0.6031746,2.1396742,41.032837,0
6bba_8b7818bf,1034111,31,7.0,101.0,102.0,1.5010505,3.6469963,0.11111111,2.5401762,68.65625,0
6bba_8b7818bf,1034112,31,43.0,6.0,224.0,1.6082826,2.932632,0.6825397,2.5434792,68.92444,0
6bba_8b7818bf,1034113,31,39.0,15.0,164.0,1.3711478,4.888744,0.61904764,2.5434792,68.92444,0
6bba_8b7818bf,1034114,31,41.0,38.0,15.0,1.4953326,4.089127,0.6507937,2.5434792,68.92444,0
6bba_8b7818bf,1034115,31,46.0,0.0,193.0,1.5089447,2.8555913,0.73015875,2.1396742,41.032837,0
6bba_8b7818bf,1034116,31,39.0,31.0,44.0,1.3871869,4.583637,0.61904764,2.5434792,68.92444,0
6bba_8b7818bf,1034117,31,7.0,94.0,255.0,1.2597042,6.0908647,0.11111111,2.1396742,41.032837,0
6bba_8b7818bf,1034118,31,29.0,65.0,13.0,1.4016459,3.4850588,0.46031746,2.5434792,68.92444,0
6bba_8b7818bf,1034119,31,53.0,19.0,3.0,1.3922663,4.7233915,0.84126985,2.5401762,68.65625,0
6bba_8b7818bf,1034120,31,39.0,26.0,73.0,1.194137,5.6110687,0.61904764,2.5434792,68.92444,0
6bba_8b7818bf,1034121,31,18.0,83.0,46.0,1.2581109,3.3532262,0.2857143,2.5434792,68.92444,0
6bba_8b7818bf,1034122,31,63.0,52.0,4.0,1.5053775,4.89087,1.0,2.1396742,41.032837,0
6bba_8b7818bf,1034123,31,17.0,68.0,132.0,1.0899143,6.5668163,0.26984128,2.5401762,68.65625,0
6bba_8b7818bf,1034124,31,44.0,133.0,206.0,1.2165788,2.9270325,0.6984127,2.5434792,68.92444,0
6bba_8b7818bf,1034125,31,42.0,125.0,109.0,1.2550647,2.3116858,0.6666667,2.5434792,68.92444,0
6bba_8b7818bf,1034126,31,27.0,53.0,74.0,1.0855438,3.268841,0.42857143,2.5434792,68.92444,1
6bba_8b7818bf,1034127,31,0.0,119.0,232.0,0.85597897,3.6191087,0.0,2.120863,39.960083,0
6bba_8b7818bf,1034128,31,28.0,48.0,85.0,1.111402,3.2147267,0.44444445,2.5434792,68.92444,1
6bba_8b7818bf,1034129,31,10.0,117.0,0.0,1.1042453,3.4550958,0.15873016,2.1350024,40.76465,1
6bba_8b7818bf,1034130,31,47.0,0.0,255.0,1.1687304,3.3068297,0.74603176,1.7994134,24.405151,0
6bba_8b7818bf,1034131,31,42.0,124.0,88.0,1.189191,2.1018083,0.6666667,2.5434792,68.92444,0
6bba_8b7818bf,1034132,31,50.0,4.0,83.0,1.1246597,3.3105857,0.7936508,2.5434792,68.92444,0
6bba_8b7818bf,1034133,31,29.0,53.0,34.0,1.1157725,2.7238722,0.46031746,2.5434792,68.92444,0
6bba_8b7818bf,1034134,31,38.0,18.0,141.0,0.9546547,3.9308534,0.6031746,2.5434792,68.92444,0
6bba_8b7818bf,1034135,31,0.0,126.0,48.0,0.9785204,2.747673,0.0,2.1396742,41.032837,0
6bba_8b7818bf,1034136,31,20.0,69.0,83.0,0.94592714,5.8042536,0.31746033,2.5401762,68.65625,0
6bba_8b7818bf,1034137,31,28.0,41.0,145.0,0.87267315,4.287627,0.44444445,2.5434792,68.92444,0
6bba_8b7818bf,1034138,31,10.0,212.0,245.0,1.130277,2.1951177,0.15873016,2.5434792,68.92444,0
6bba_8b7818bf,1034139,31,34.0,23.0,199.0,1.0250497,3.1285434,0.53968257,2.5401762,68.65625,0
6bba_8b7818bf,1034140,31,11.0,208.0,10.0,0.9086105,3.2034426,0.17460318,2.5401762,68.65625,1
6bba_8b7818bf,1034141,31,10.0,211.0,0.0,0.9371031,2.4710724,0.15873016,2.1350024,40.76465,1
6bba_8b7818bf,1034142,31,7.0,123.0,16.0,0.8963437,2.6877294,0.11111111,2.4687274,63.024292,0
6bba_8b7818bf,1034143,31,12.0,111.0,6.0,0.8382931,2.9352274,0.1904762,2.499849,65.43799,1
6bba_8b7818bf,1034144,31,18.0,60.0,242.0,0.9344961,2.599155,0.2857143,2.5434792,68.92444,0
6bba_8b7818bf,1034145,31,0.0,112.0,172.0,0.6452407,4.3512383,0.0,2.1350024,40.76465,0
6bba_8b7818bf,1034146,31,10.0,98.0,63.0,0.90599364,3.2395618,0.15873016,2.5401762,68.65625,1
6bba_8b7818bf,1034147,31,58.0,109.0,187.0,1.1265596,2.5606873,0.9206349,2.5434792,68.92444,0
6bba_8b7818bf,1034148,31,31.0,153.0,50.0,0.9649669,2.0040357,0.4920635,2.5434792,68.92444,0
6bba_8b7818bf,1034149,31,36.0,24.0,106.0,0.8526698,3.1009417,0.5714286,2.5434792,68.92444,0
6bba_8b7818bf,1034150,31,13.0,89.0,73.0,0.8707322,2.8695004,0.20634921,2.5434792,68.92444,1
6bba_8b7818bf,1034151,31,14.0,73.0,249.0,0.89141595,2.616756,0.22222222,2.5434792,68.92444,0
6bba_8b7818bf,1034152,31,2.0,117.0,76.0,0.8557487,3.8471842,0.031746034,2.4687274,63.024292,0
6bba_8b7818bf,1034153,31,49.0,12.0,49.0,0.8223909,2.7424278,0.7777778,2.5434792,68.92444,0
6bba_8b7818bf,1034154,32,32.0,30.0,231.0,2.4511838,3.0693705,0.50793654,2.5434792,68.92444,0
6bba_8b7818bf,1034155,32,24.0,46.0,195.0,2.1582818,3.4969826,0.3809524,2.5434792,68.92444,0
6bba_8b7818bf,1034156,32,33.0,22.0,183.0,1.8260719,3.7680087,0.52380955,2.5434792,68.92444,0
6bba_8b7818bf,1034157,32,42.0,131.0,171.0,1.8187784,3.5170565,0.6666667,2.5434792,68.92444,0
6bba_8b7818bf,1034158,32,6.0,101.0,104.0,1.8103706,4.004874,0.0952381,2.5401762,68.65625,0
6bba_8b7818bf,1034159,32,15.0,71.0,167.0,1.6664017,3.5667882,0.23809524,2.5401762,68.65625,0
6bba_8b7818bf,1034160,32,38.0,45.0,0.0,1.7907424,3.9835,0.6031746,2.1396742,41.032837,0
6bba_8b7818bf,1034161,32,6.0,93.0,193.0,1.4543074,4.119255,0.0952381,2.5434792,68.92444,0
6bba_8b7818bf,1034162,32,53.0,13.0,10.0,1.4741738,4.9407587,0.84126985,2.5434792,68.92444,0
6bba_8b7818bf,1034163,32,37.0,35.0,42.0,1.4637612,4.457042,0.5873016,2.5434792,68.92444,0
6bba_8b7818bf,1034164,32,45.0,0.0,195.0,1.5457132,2.8562543,0.71428573,2.1396742,41.032837,0
6bba_8b7818bf,1034165,32,42.0,8.0,232.0,1.6005052,2.8530478,0.6666667,2.5434792,68.92444,0
6bba_8b7818bf,1034166,32,41.0,36.0,16.0,1.5022697,3.7804215,0.6507937,2.5434792,68.92444,0
6bba_8b7818bf,1034167,32,26.0,68.0,15.0,1.4443288,3.6285386,0.41269842,2.5434792,68.92444,0
6bba_8b7818bf,1034168,32,26.0,49.0,86.0,1.3220986,3.3213603,0.41269842,2.5434792,68.92444,0
6bba_8b7818bf,1034169,32,39.0,15.0,165.0,1.3046894,3.8052332,0.61904764,2.5434792,68.92444,0
6bba_8b7818bf,1034170,32,8.0,92.0,255.0,1.1581285,9.510002,0.12698413,2.1396742,41.032837,0
6bba_8b7818bf,1034171,32,16.0,84.0,49.0,1.3295747,3.2482717,0.25396827,2.5434792,68.92444,0
6bba_8b7818bf,1034172,32,37.0,27.0,75.0,1.2198216,4.5407324,0.5873016,2.5434792,68.92444,0
6bba_8b7818bf,1034173,32,16.0,66.0,251.0,1.3589174,2.863124,0.25396827,2.5434792,68.92444,0
6bba_8b7818bf,1034174,32,38.0,16.0,141.0,1.1732659,4.0105553,0.6031746,2.5434792,68.92444,0
6bba_8b7818bf,1034175,32,47.0,5.0,96.0,1.2748123,3.7233346,0.74603176,2.5434792,68.92444,0
6bba_8b7818bf,1034176,32,41.0,127.0,107.0,1.3101103,2.2268658,0.6507937,2.5434792,68.92444,0
6bba_8b7818bf,1034177,32,58.0,52.0,2.0,1.4528068,3.7533007,0.9206349,2.4687274,63.024292,0
6bba_8b7818bf,1034178,32,41.0,125.0,89.0,1.2686789,2.0928605,0.6507937,2.5434792,68.92444,0
6bba_8b7818bf,1034179,32,30.0,29.0,202.0,1.2453647,2.6138322,0.47619048,2.5434792,68.92444,0
6bba_8b7818bf,1034180,32,9.0,211.0,10.0,1.0110886,3.3127053,0.14285715,2.5434792,68.92444,0
6bba_8b7818bf,1034181,32,16.0,69.0,132.0,0.9141046,5.4411077,0.25396827,2.5434792,68.92444,0
6bba_8b7818bf,1034182,32,28.0,53.0,35.0,1.1495862,2.5988705,0.44444445,2.5434792,68.92444,0
6bba_8b7818bf,1034183,32,9.0,118.0,0.0,1.0012658,3.3734171,0.14285715,2.1350024,40.76465,1
6bba_8b7818bf,1034184,32,20.0,69.0,83.0,0.9232705,5.4080973,0.31746033,2.5335438,68.11987,0
6bba_8b7818bf,1034185,32,40.0,138.0,195.0,1.116663,2.0059414,0.63492066,2.5434792,68.92444,1
6bba_8b7818bf,1034186,32,41.0,137.0,200.0,1.094495,2.088621,0.6507937,2.5434792,68.92444,1
6bba_8b7818bf,1034187,32,10.0,114.0,5.0,0.90015256,3.9535246,0.15873016,2.5401762,68.65625,1
6bba_8b7818bf,1034188,32,0.0,125.0,47.0,0.9248059,2.7452693,0.0,2.1396742,41.032837,0
6bba_8b7818bf,1034189,32,6.0,124.0,20.0,0.9271981,2.9039826,0.0952381,2.4687274,63.024292,0
6bba_8b7818bf,1034190,32,13.0,88.0,73.0,0.9771287,2.8661423,0.20634921,2.5401762,68.65625,0
6bba_8b7818bf,1034191,33,32.0,28.0,227.0,2.446256,3.6869042,0.50793654,2.5434792,68.92444,1
6bba_8b7818bf,1034192,33,32.0,25.0,182.0,2.0462816,4.2395096,0.50793654,2.5434792,68.92444,0
6bba_8b7818bf,1034193,33,26.0,40.0,232.0,1.9547827,2.801589,0.41269842,2.5434792,68.92444,1
6bba_8b7818bf,1034194,33,23.0,48.0,196.0,1.9192379,3.1990068,0.36507937,2.5434792,68.92444,0
6bba_8b7818bf,1034195,33,6.0,101.0,105.0,1.801109,3.668352,0.0952381,2.5401762,68.65625,0
6bba_8b7818bf,1034196,33,40.0,10.0,238.0,1.791057,3.6806004,0.63492066,2.5434792,68.92444,0
6bba_8b7818bf,1034197,33,41.0,131.0,171.0,1.7133502,3.53108,0.6507937,2.5434792,68.92444,0
6bba_8b7818bf,1034198,33,38.0,46.0,2.0,1.8584555,4.4364176,0.6031746,2.4687274,63.024292,0
6bba_8b7818bf,1034199,33,25.0,69.0,18.0,1.5656135,4.0002294,0.3968254,2.5434792,68.92444,0
6bba_8b7818bf,1034200,33,41.0,34.0,19.0,1.5933623,4.287254,0.6507937,2.5434792,68.92444,0
6bba_8b7818bf,1034201,33,6.0,93.0,191.0,1.4148034,3.8860295,0.0952381,2.5401762,68.65625,0
6bba_8b7818bf,1034202,33,14.0,72.0,167.0,1.4764117,3.3364246,0.22222222,2.5401762,68.65625,0
6bba_8b7818bf,1034203,33,46.0,0.0,186.0,1.4165976,3.1580727,0.73015875,2.1396742,41.032837,0
6bba_8b7818bf,1034204,33,53.0,13.0,11.0,1.3939598,5.411142,0.84126985,2.5434792,68.92444,0
6bba_8b7818bf,1034205,33,16.0,85.0,48.0,1.3967456,3.3544,0.25396827,2.5434792,68.92444,0
6bba_8b7818bf,1034206,33,8.0,91.0,255.0,1.1281567,10.937528,0.12698413,2.1396742,41.032837,0
6bba_8b7818bf,1034207,33,57.0,52.0,0.0,1.6007931,4.552695,0.9047619,2.1396742,41.032837,0
6bba_8b7818bf,1034208,33,16.0,65.0,255.0,1.3701633,2.9890053,0.25396827,2.1396742,41.032837,0
6bba_8b7818bf,1034209,33,38.0,15.0,169.0,1.3286339,3.0706308,0.6031746,2.5434792,68.92444,0
6bba_8b7818bf,1034210,33,36.0,35.0,42.0,1.3336849,3.9208817,0.5714286,2.5434792,68.92444,0
6bba_8b7818bf,1034211,33,37.0,27.0,75.0,1.1821442,4.38912,0.5873016,2.5434792,68.92444,0
6bba_8b7818bf,1034212,33,29.0,30.0,203.0,1.3859676,2.9664345,0.46031746,2.5434792,68.92444,0
6bba_8b7818bf,1034213,33,41.0,125.0,106.0,1.3858671,2.2933133,0.6507937,2.5434792,68.92444,0
6bba_8b7818bf,1034214,33,41.0,124.0,89.0,1.3103752,2.2609413,0.6507937,2.5434792,68.92444,0
6bba_8b7818bf,1034215,33,27.0,47.0,87.0,1.154281,3.270934,0.42857143,2.5434792,68.92444,1
6bba_8b7818bf,1034216,33,26.0,50.0,79.0,1.1222028,3.000153,0.41269842,2.5434792,68.92444,1
6bba_8b7818bf,1034217,33,12.0,90.0,69.0,1.142238,2.9673188,0.1904762,2.5401762,68.65625,0
6bba_8b7818bf,1034218,33,37.0,16.0,144.0,1.0030645,3.9769914,0.5873016,2.5434792,68.92444,0
6bba_8b7818bf,1034219,33,46.0,6.0,100.0,1.1353372,3.3703372,0.73015875,2.5434792,68.92444,0
6bba_8b7818bf,1034220,33,40.0,10.0,205.0,1.071747,2.8452094,0.63492066,2.5434792,68.92444,0
6bba_8b7818bf,1034221,33,27.0,54.0,36.0,1.14111,2.6616268,0.42857143,2.5434792,68.92444,0
6bba_8b7818bf,1034222,33,42.0,135.0,207.0,1.0504239,2.7614956,0.6666667,2.5434792,68.92444,0
6bba_8b7818bf,1034223,33,8.0,212.0,8.0,0.9731326,3.4108841,0.12698413,2.5401762,68.65625,0
6bba_8b7818bf,1034224,33,19.0,70.0,82.0,0.8595705,4.9308558,0.3015873,2.5401762,68.65625,0
6bba_8b7818bf,1034225,33,17.0,60.0,236.0,0.94211376,2.6437814,0.26984128,2.5434792,68.92444,0
6bba_8b7818bf,1034226,33,0.0,125.0,48.0,0.8854292,2.8358846,0.0,2.1350024,40.76465,0
6bba_8b7818bf,1034227,33,16.0,70.0,132.0,0.82544166,5.12155,0.25396827,2.5401762,68.65625,0
6bba_8b7818bf,1034228,34,32.0,27.0,232.0,2.51972,4.50665,0.50793654,2.5434792,68.92444,1
6bba_8b7818bf,1034229,34,26.0,40.0,234.0,1.9609616,3.2443461,0.41269842,2.5434792,68.92444,1
6bba_8b7818bf,1034230,34,40.0,10.0,242.0,1.8547478,3.8195996,0.63492066,2.5434792,68.92444,0
6bba_8b7818bf,1034231,34,22.0,48.0,198.0,1.8672248,2.9586644,0.34920636,2.5434792,68.92444,0
6bba_8b7818bf,1034232,34,37.0,45.0,7.0,1.8957134,5.046599,0.5873016,2.5434792,68.92444,0
6bba_8b7818bf,1034233,34,40.0,131.0,174.0,1.7236714,3.5177824,0.63492066,2.5434792,68.92444,0
6bba_8b7818bf,1034234,34,5.0,101.0,106.0,1.7178488,3.4478877,0.07936508,2.5434792,68.92444,0
6bba_8b7818bf,1034235,34,5.0,95.0,192.0,1.530384,4.667605,0.07936508,2.5434792,68.92444,0
6bba_8b7818bf,1034236,34,41.0,32.0,20.0,1.6258564,4.102226,0.6507937,2.5434792,68.92444,0
6bba_8b7818bf,1034237,34,33.0,22.0,188.0,1.6283681,2.8730392,0.52380955,2.5434792,68.92444,1
6bba_8b7818bf,1034238,34,16.0,64.0,255.0,1.5169997,3.3046355,0.25396827,2.1396742,41.032837,0
6bba_8b7818bf,1034239,34,53.0,12.0,11.0,1.4186121,5.7169237,0.84126985,2.5434792,68.92444,0
6bba_8b7818bf,1034240,34,29.0,28.0,181.0,1.5630013,2.6914778,0.46031746,2.5434792,68.92444,1
6bba_8b7818bf,1034241,34,13.0,74.0,169.0,1.3959646,3.0591476,0.20634921,2.5401762,68.65625,0
6bba_8b7818bf,1034242,34,24.0,69.0,21.0,1.4485579,3.5264862,0.3809524,2.5434792,68.92444,0
6bba_8b7818bf,1034243,34,37.0,15.0,173.0,1.3829213,3.7837517,0.5873016,2.5434792,68.92444,0
6bba_8b7818bf,1034244,34,36.0,34.0,43.0,1.3792313,4.266036,0.5714286,2.5434792,68.92444,0
6bba_8b7818bf,1034245,34,28.0,31.0,205.0,1.4059755,3.20271,0.44444445,2.5434792,68.92444,0
6bba_8b7818bf,1034246,34,8.0,90.0,255.0,0.93909746,10.817751,0.12698413,2.1396742,41.032837,0
6bba_8b7818bf,1034247,34,15.0,84.0,52.0,1.2974461,3.133616,0.23809524,2.5434792,68.92444,0
6bba_8b7818bf,1034248,34,39.0,125.0,106.0,1.4679537,2.324667,0.61904764,2.5434792,68.92444,1
6bba_8b7818bf,1034249,34,45.0,0.0,189.0,1.2042023,3.3802702,0.71428573,2.1396742,41.032837,0
6bba_8b7818bf,1034250,34,40.0,124.0,92.0,1.3873377,2.1744606,0.63492066,2.5434792,68.92444,1
6bba_8b7818bf,1034251,34,56.0,51.0,4.0,1.486797,4.610709,0.8888889,2.5434792,68.92444,1
6bba_8b7818bf,1034252,34,25.0,49.0,82.0,1.1799154,3.2519104,0.3968254,2.5434792,68.92444,1
6bba_8b7818bf,1034253,34,37.0,25.0,76.0,1.0685911,4.4522395,0.5873016,2.5434792,68.92444,0
6bba_8b7818bf,1034254,34,25.0,47.0,88.0,1.1488738,2.9307709,0.3968254,2.5434792,68.92444,1
6bba_8b7818bf,1034255,34,37.0,16.0,147.0,1.0683628,3.9637105,0.5873016,2.5434792,68.92444,0
6bba_8b7818bf,1034256,34,46.0,5.0,102.0,1.1581903,3.435921,0.73015875,2.5434792,68.92444,0
6bba_8b7818bf,1034257,34,27.0,53.0,38.0,1.1705714,2.6983066,0.42857143,2.5434792,68.92444,0
6bba_8b7818bf,1034258,34,11.0,91.0,70.0,1.114777,2.8195112,0.17460318,2.5434792,68.92444,0
6bba_8b7818bf,1034259,34,51.0,64.0,0.0,1.1906625,2.947997,0.8095238,2.1396742,41.032837,1
6bba_8b7818bf,1034260,34,0.0,136.0,16.0,1.0215256,2.8369818,0.0,2.1396742,41.032837,0
6bba_8b7818bf,1034261,35,31.0,29.0,233.0,2.9120083,4.163477,0.4920635,2.5434792,68.92444,0
6bba_8b7818bf,1034262,35,40.0,10.0,246.0,1.8934757,4.0292296,0.63492066,2.5434792,68.92444,0
6bba_8b7818bf,1034263,35,22.0,48.0,197.0,1.8907948,2.972213,0.34920636,2.5434792,68.92444,0
6bba_8b7818bf,1034264,35,37.0,44.0,8.0,1.7347555,4.5554376,0.5873016,2.5434792,68.92444,0
6bba_8b7818bf,1034265,35,29.0,32.0,178.0,1.4855045,4.5445266,0.46031746,2.5401762,68.65625,0
6bba_8b7818bf,1034266,35,6.0,100.0,108.0,1.6178367,3.227799,0.0952381,2.5302145,67.851685,0
6bba_8b7818bf,1034267,35,40.0,130.0,175.0,1.6725352,3.3654745,0.63492066,2.5434792,68.92444,0
6bba_8b7818bf,1034268,35,35.0,20.0,192.0,1.4908433,5.4414425,0.5555556,2.5401762,68.65625,0
6bba_8b7818bf,1034269,35,36.0,17.0,173.0,1.5418926,5.1019974,0.5714286,2.5434792,68.92444,0
6bba_8b7818bf,1034270,35,41.0,32.0,21.0,1.5920424,4.1531725,0.6507937,2.5434792,68.92444,0
6bba_8b7818bf,1034271,35,53.0,11.0,14.0,1.4344047,5.5789785,0.84126985,2.5434792,68.92444,0
6bba_8b7818bf,1034272,35,16.0,63.0,255.0,1.4593191,3.2107553,0.25396827,2.1396742,41.032837,0
6bba_8b7818bf,1034273,35,5.0,94.0,193.0,1.4062815,4.430944,0.07936508,2.5434792,68.92444,0
6bba_8b7818bf,1034274,35,24.0,70.0,22.0,1.4716027,3.3086863,0.3809524,2.5434792,68.92444,0
6bba_8b7818bf,1034275,35,13.0,74.0,166.0,1.3028352,2.951509,0.20634921,2.5401762,68.65625,0
6bba_8b7818bf,1034276,35,45.0,0.0,187.0,1.2624044,3.917723,0.71428573,2.1396742,41.032837,0
6bba_8b7818bf,1034277,35,34.0,39.0,39.0,1.3709149,3.9324698,0.53968257,2.5434792,68.92444,0
6bba_8b7818bf,1034278,35,26.0,47.0,89.0,1.2563207,3.184927,0.41269842,2.5434792,68.92444,1
6bba_8b7818bf,1034279,35,26.0,49.0,82.0,1.2275032,3.2139504,0.41269842,2.5434792,68.92444,1
6bba_8b7818bf,1034280,35,39.0,125.0,104.0,1.415936,2.1918285,0.61904764,2.5434792,68.92444,1
6bba_8b7818bf,1034281,35,40.0,123.0,90.0,1.3246104,2.218222,0.63492066,2.5434792,68.92444,1
6bba_8b7818bf,1034282,35,28.0,31.0,205.0,1.2889516,3.0543664,0.44444445,2.5434792,68.92444,0
6bba_8b7818bf,1034283,35,36.0,25.0,81.0,1.0954449,4.0475674,0.5714286,2.5434792,68.92444,0
6bba_8b7818bf,1034284,35,56.0,52.0,3.0,1.4222968,4.6580734,0.8888889,2.5401762,68.65625,0
6bba_8b7818bf,1034285,35,16.0,84.0,54.0,1.1662374,3.273717,0.25396827,2.5401762,68.65625,0
6bba_8b7818bf,1034286,35,37.0,16.0,149.0,1.0752909,3.9716318,0.5873016,2.5434792,68.92444,0
6bba_8b7818bf,1034287,36,31.0,28.0,235.0,3.0220034,4.2515893,0.4920635,2.5434792,68.92444,0
6bba_8b7818bf,1034288,36,23.0,44.0,193.0,2.095317,3.4192483,0.36507937,2.5434792,68.92444,0
6bba_8b7818bf,1034289,36,34.0,20.0,197.0,1.7253202,5.8654547,0.53968257,2.5401762,68.65625,0
6bba_8b7818bf,1034290,36,29.0,32.0,178.0,1.5731857,3.8478637,0.46031746,2.5401762,68.65625,0
6bba_8b7818bf,1034291,36,40.0,9.0,248.0,1.804502,3.9382432,0.63492066,2.5434792,68.92444,0
6bba_8b7818bf,1034292,36,37.0,44.0,8.0,1.773497,4.6963596,0.5873016,2.5434792,68.92444,0
6bba_8b7818bf,1034293,36,39.0,131.0,175.0,1.6216502,3.5435212,0.61904764,2.5434792,68.92444,0
6bba_8b7818bf,1034294,36,40.0,31.0,23.0,1.6136717,4.0192904,0.63492066,2.5434792,68.92444,0
6bba_8b7818bf,1034295,36,35.0,19.0,173.0,1.4796313,3.638915,0.5555556,2.5434792,68.92444,0
6bba_8b7818bf,1034296,36,6.0,100.0,100.0,1.5318683,3.8778684,0.0952381,2.5401762,68.65625,0
6bba_8b7818bf,1034297,36,53.0,11.0,16.0,1.4243711,5.787492,0.84126985,2.5434792,68.92444,0
6bba_8b7818bf,1034298,36,22.0,73.0,25.0,1.4636652,3.7267997,0.34920636,2.5434792,68.92444,0
6bba_8b7818bf,1034299,36,14.0,71.0,162.0,1.3287755,3.3733666,0.22222222,2.5268764,67.583496,0
6bba_8b7818bf,1034300,36,55.0,52.0,3.0,1.6239777,4.5749693,0.8730159,2.5401762,68.65625,0
6bba_8b7818bf,1034301,36,5.0,94.0,193.0,1.3477969,4.039123,0.07936508,2.5401762,68.65625,0
6bba_8b7818bf,1034302,36,15.0,85.0,55.0,1.2906095,3.4648519,0.23809524,2.5401762,68.65625,0
6bba_8b7818bf,1034303,36,16.0,61.0,255.0,1.325685,2.7438328,0.25396827,2.1396742,41.032837,0
6bba_8b7818bf,1034304,36,34.0,38.0,41.0,1.3456459,4.063131,0.53968257,2.5434792,68.92444,0
6bba_8b7818bf,1034305,36,26.0,47.0,87.0,1.2151403,3.2648578,0.41269842,2.5434792,68.92444,0
6bba_8b7818bf,1034306,36,45.0,0.0,188.0,1.1195878,4.335497,0.71428573,2.1396742,41.032837,0
6bba_8b7818bf,1034307,36,39.0,124.0,108.0,1.3800716,2.2732422,0.61904764,2.5434792,68.92444,0
6bba_8b7818bf,1034308,36,39.0,124.0,90.0,1.2900065,2.3468966,0.61904764,2.5434792,68.92444,0
6bba_8b7818bf,1034309,36,35.0,25.0,82.0,1.0937368,4.3459163,0.5555556,2.5434792,68.92444,0
6bba_8b7818bf,1034310,36,0.0,135.0,20.0,1.115361,3.1759908,0.0,2.1396742,41.032837,0
6bba_8b7818bf,1034311,37,32.0,31.0,240.0,3.1456313,4.5896583,0.50793654,2.5434792,68.92444,0
6bba_8b7818bf,1034312,37,34.0,22.0,202.0,1.8828071,5.4742713,0.53968257,2.5401762,68.65625,1
6bba_8b7818bf,1034313,37,22.0,48.0,192.0,1.9155477,3.2995493,0.34920636,2.5434792,68.92444,0
6bba_8b7818bf,1034314,37,38.0,42.0,12.0,1.9072222,4.659496,0.6031746,2.5434792,68.92444,0
6bba_8b7818bf,1034315,37,34.0,20.0,174.0,1.6628214,3.5214145,0.53968257,2.5434792,68.92444,1
6bba_8b7818bf,1034316,37,38.0,133.0,177.0,1.7096373,3.543722,0.6031746,2.5434792,68.92444,0
6bba_8b7818bf,1034317,37,6.0,100.0,103.0,1.7134049,4.3755674,0.0952381,2.5401762,68.65625,0
6bba_8b7818bf,1034318,37,40.0,10.0,255.0,1.8079259,2.9629176,0.63492066,2.1396742,41.032837,0
6bba_8b7818bf,1034319,37,14.0,70.0,161.0,1.5752041,3.7845976,0.22222222,2.5434792,68.92444,0
6bba_8b7818bf,1034320,37,24.0,40.0,226.0,1.6915202,2.7758503,0.3809524,2.5434792,68.92444,0
6bba_8b7818bf,1034321,37,29.0,30.0,180.0,1.586955,3.4115489,0.46031746,2.5401762,68.65625,1
6bba_8b7818bf,1034322,37,54.0,53.0,9.0,1.6862041,4.325049,0.85714287,2.5434792,68.92444,0
6bba_8b7818bf,1034323,37,20.0,76.0,30.0,1.5412351,4.4417067,0.31746033,2.5434792,68.92444,0
6bba_8b7818bf,1034324,37,5.0,95.0,193.0,1.4561983,4.5991755,0.07936508,2.5401762,68.65625,0
6bba_8b7818bf,1034325,37,44.0,0.0,194.0,1.3363098,4.3103175,0.6984127,2.1396742,41.032837,0
6bba_8b7818bf,1034326,37,53.0,11.0,23.0,1.3775644,4.7910414,0.84126985,2.5434792,68.92444,0
6bba_8b7818bf,1034327,37,50.0,66.0,0.0,1.5557704,3.393019,0.7936508,2.1396742,41.032837,0
6bba_8b7818bf,1034328,37,14.0,86.0,60.0,1.3673891,3.2795281,0.22222222,2.5434792,68.92444,0
6bba_8b7818bf,1034329,37,17.0,98.0,0.0,1.0116833,10.006123,0.26984128,2.1350024,40.76465,0
6bba_8b7818bf,1034330,37,17.0,60.0,255.0,1.3762542,2.7693515,0.26984128,2.1396742,41.032837,0
6bba_8b7818bf,1034331,37,41.0,28.0,34.0,1.4275863,3.0634072,0.6507937,2.5434792,68.92444,0
6bba_8b7818bf,1034332,37,34.0,39.0,42.0,1.393681,3.873893,0.53968257,2.5434792,68.92444,0
6bba_8b7818bf,1034333,37,0.0,138.0,23.0,1.0966661,3.6424098,0.0,2.1396742,41.032837,0
6bba_8b7818bf,1034334,37,39.0,124.0,115.0,1.3202307,2.3199785,0.61904764,2.5434792,68.92444,1
6bba_8b7818bf,1034335,37,38.0,125.0,108.0,1.3995907,2.1474922,0.6031746,2.5434792,68.92444,1
6bba_8b7818bf,1034336,37,26.0,34.0,205.0,1.3839765,2.754484,0.41269842,2.5434792,68.92444,1
6bba_8b7818bf,1034337,37,16.0,67.0,130.0,1.1028708,5.3111124,0.25396827,2.5434792,68.92444,0
6bba_8b7818bf,1034338,37,39.0,123.0,92.0,1.2673271,2.1393442,0.61904764,2.5434792,68.92444,0
6bba_8b7818bf,1034339,38,27.0,33.0,229.0,3.0839772,4.544515,0.42857143,2.5434792,68.92444,0
6bba_8b7818bf,1034340,38,0.0,99.0,107.0,1.8951718,3.2230144,0.0,2.1396742,41.032837,0
6bba_8b7818bf,1034341,38,35.0,132.0,181.0,1.878802,3.417394,0.5555556,2.5434792,68.92444,0
6bba_8b7818bf,1034342,38,34.0,44.0,14.0,1.8473173,4.441102,0.53968257,2.5434792,68.92444,0
6bba_8b7818bf,1034343,38,11.0,69.0,158.0,1.7178029,3.408583,0.17460318,2.5434792,68.92444,0
6bba_8b7818bf,1034344,38,31.0,18.0,177.0,1.6887342,5.9401746,0.4920635,2.5434792,68.92444,0
6bba_8b7818bf,1034345,38,30.0,19.0,210.0,1.592175,5.6749554,0.47619048,2.5434792,68.92444,0
6bba_8b7818bf,1034346,38,17.0,52.0,198.0,1.812855,3.006487,0.26984128,2.5434792,68.92444,0
6bba_8b7818bf,1034347,38,49.0,51.0,8.0,1.8098775,4.1114516,0.7777778,2.5434792,68.92444,0
6bba_8b7818bf,1034348,38,24.0,32.0,185.0,1.5472589,4.9629846,0.3809524,2.5401762,68.65625,0
6bba_8b7818bf,1034349,38,0.0,95.0,194.0,1.5441098,3.9252095,0.0,2.1396742,41.032837,0
6bba_8b7818bf,1034350,38,46.0,64.0,0.0,1.7667234,3.332743,0.73015875,2.1396742,41.032837,0
6bba_8b7818bf,1034351,38,37.0,28.0,37.0,1.7080022,3.5316017,0.5873016,2.5434792,68.92444,0
6bba_8b7818bf,1034352,38,16.0,78.0,35.0,1.5716192,4.383365,0.25396827,2.5434792,68.92444,0
6bba_8b7818bf,1034353,38,40.0,0.0,197.0,1.4646966,4.5826173,0.63492066,2.1396742,41.032837,0
6bba_8b7818bf,1034354,38,10.0,86.0,65.0,1.5723635,3.9953375,0.15873016,2.5434792,68.92444,0
6bba_8b7818bf,1034355,38,38.0,7.0,255.0,1.7863698,3.4547575,0.6031746,2.1396742,41.032837,0
6bba_8b7818bf,1034356,38,49.0,11.0,27.0,1.4769415,4.1044292,0.7777778,2.5434792,68.92444,0
6bba_8b7818bf,1034357,38,14.0,59.0,255.0,1.4202491,2.7737684,0.22222222,2.1396742,41.032837,0
6bba_8b7818bf,1034358,38,23.0,33.0,206.0,1.4506083,3.6487405,0.36507937,2.5434792,68.92444,0
6bba_8b7818bf,1034359,38,35.0,124.0,115.0,1.4574313,2.0820024,0.5555556,2.5434792,68.92444,0
6bba_8b7818bf,1034360,38,13.0,96.0,0.0,1.0512749,9.374281,0.20634921,2.1396742,41.032837,0
6bba_8b7818bf,1034361,38,30.0,41.0,43.0,1.3752717,4.068514,0.47619048,2.5434792,68.92444,0
6bba_8b7818bf,1034362,38,23.0,43.0,101.0,1.2446246,3.810252,0.36507937,2.5434792,68.92444,0
6bba_8b7818bf,1034363,38,23.0,39.0,160.0,1.1579894,4.732493,0.36507937,2.5434792,68.92444,0
6bba_8b7818bf,1034364,38,30.0,24.0,255.0,1.1252799,4.2635884,0.47619048,2.1396742,41.032837,0
6bba_8b7818bf,1034365,39,30.0,33.0,232.0,2.873929,4.797838,0.47619048,2.5401762,68.65625,1
6bba_8b7818bf,1034366,39,37.0,134.0,180.0,1.9021939,3.5439916,0.5873016,2.5434792,68.92444,0
6bba_8b7818bf,1034367,39,23.0,41.0,228.0,1.9905326,2.2750442,0.36507937,2.5434792,68.92444,1
6bba_8b7818bf,1034368,39,34.0,18.0,182.0,1.6921275,5.7553186,0.53968257,2.5434792,68.92444,0
6bba_8b7818bf,1034369,39,37.0,43.0,18.0,1.8078542,4.2976074,0.5873016,2.5434792,68.92444,0
6bba_8b7818bf,1034370,39,33.0,20.0,219.0,1.6164163,5.655987,0.52380955,2.5434792,68.92444,0
6bba_8b7818bf,1034371,39,6.0,96.0,109.0,1.755284,4.0107737,0.0952381,2.5434792,68.92444,0
6bba_8b7818bf,1034372,39,19.0,52.0,204.0,1.7423823,3.0334775,0.3015873,2.5434792,68.92444,0
6bba_8b7818bf,1034373,39,43.0,0.0,202.0,1.5546504,3.9403446,0.6825397,2.1396742,41.032837,0
6bba_8b7818bf,1034374,39,13.0,86.0,68.0,1.5127327,3.9150784,0.20634921,2.5434792,68.92444,0
6bba_8b7818bf,1034375,39,17.0,95.0,0.0,1.3838718,10.328097,0.26984128,2.1396742,41.032837,0
6bba_8b7818bf,1034376,39,52.0,9.0,38.0,1.5889325,3.8300288,0.82539684,2.5434792,68.92444,0
6bba_8b7818bf,1034377,39,19.0,79.0,36.0,1.5066814,3.8774915,0.3015873,2.5434792,68.92444,0
6bba_8b7818bf,1034378,39,14.0,68.0,164.0,1.4522614,3.1962159,0.22222222,2.5434792,68.92444,0
6bba_8b7818bf,1034379,39,27.0,34.0,187.0,1.4684287,4.5322084,0.42857143,2.5401762,68.65625,0
6bba_8b7818bf,1034380,39,47.0,64.0,0.0,1.5668018,3.270935,0.74603176,2.1396742,41.032837,1
6bba_8b7818bf,1034381,39,40.0,6.0,255.0,1.4939628,3.638746,0.63492066,2.1396742,41.032837,0
6bba_8b7818bf,1034382,39,51.0,52.0,7.0,1.6047708,3.6428113,0.8095238,2.5434792,68.92444,1
6bba_8b7818bf,1034383,39,41.0,26.0,45.0,1.4150409,3.14135,0.6507937,2.5434792,68.92444,0
6bba_8b7818bf,1034384,39,25.0,39.0,166.0,1.2275809,5.110205,0.3968254,2.5434792,68.92444,0
6bba_8b7818bf,1034385,39,3.0,98.0,194.0,1.4110777,3.6878705,0.04761905,2.5401762,68.65625,0
6bba_8b7818bf,1034386,39,35.0,23.0,108.0,1.3228796,3.664364,0.5555556,2.5434792,68.92444,0
6bba_8b7818bf,1034387,39,26.0,42.0,104.0,1.2721909,4.3014956,0.41269842,2.5434792,68.92444,0
6bba_8b7818bf,1034388,39,27.0,31.0,206.0,1.3885571,2.9477038,0.42857143,2.5434792,68.92444,0
6bba_8b7818bf,1034389,39,33.0,41.0,43.0,1.325163,3.6595113,0.52380955,2.5434792,68.92444,0
6bba_8b7818bf,1034390,39,16.0,59.0,243.0,1.2677928,2.9661365,0.25396827,2.5434792,68.92444,0
6bba_8b7818bf,1034391,39,44.0,6.0,113.0,1.2724191,3.2045238,0.6984127,2.5434792,68.92444,0
6bba_8b7818bf,1034392,40,29.0,34.0,234.0,2.2227674,4.0871034,0.46031746,2.5434792,68.92444,1
6bba_8b7818bf,1034393,40,37.0,133.0,181.0,2.0811093,3.6067798,0.5873016,2.5434792,68.92444,0
6bba_8b7818bf,1034394,40,37.0,42.0,19.0,1.7727389,3.9870777,0.5873016,2.5434792,68.92444,0
6bba_8b7818bf,1034395,40,18.0,55.0,205.0,1.7226164,3.0492556,0.2857143,2.5434792,68.92444,0
6bba_8b7818bf,1034396,40,33.0,19.0,221.0,1.5849226,5.8179255,0.52380955,2.5434792,68.92444,0
6bba_8b7818bf,1034397,40,35.0,18.0,183.0,1.5244744,5.4604726,0.5555556,2.5434792,68.92444,0
6bba_8b7818bf,1034398,40,52.0,9.0,39.0,1.6774539,3.987882,0.82539684,2.5434792,68.92444,0
6bba_8b7818bf,1034399,40,6.0,96.0,113.0,1.6825186,3.7576334,0.0952381,2.5434792,68.92444,0
6bba_8b7818bf,1034400,40,23.0,43.0,230.0,1.7362123,2.543179,0.36507937,2.5434792,68.92444,1
6bba_8b7818bf,1034401,40,51.0,52.0,9.0,1.6328255,4.7928357,0.8095238,2.5401762,68.65625,0
6bba_8b7818bf,1034402,40,13.0,87.0,67.0,1.4938345,4.1430063,0.20634921,2.5434792,68.92444,0
6bba_8b7818bf,1034403,40,17.0,96.0,0.0,1.3648854,9.658982,0.26984128,2.1396742,41.032837,0
6bba_8b7818bf,1034404,40,27.0,35.0,187.0,1.4678577,4.882021,0.42857143,2.5401762,68.65625,0
6bba_8b7818bf,1034405,40,15.0,66.0,167.0,1.4535403,3.2409463,0.23809524,2.5434792,68.92444,0
6bba_8b7818bf,1034406,40,26.0,39.0,167.0,1.3723991,5.6908956,0.41269842,2.5434792,68.92444,0
6bba_8b7818bf,1034407,40,26.0,42.0,108.0,1.4292716,4.356597,0.41269842,2.5434792,68.92444,0
6bba_8b7818bf,1034408,40,43.0,0.0,205.0,1.4459403,3.2433395,0.6825397,2.1396742,41.032837,0
6bba_8b7818bf,1034409,40,47.0,65.0,0.0,1.5212725,3.8951178,0.74603176,2.1396742,41.032837,0
6bba_8b7818bf,1034410,40,3.0,99.0,195.0,1.4444826,3.9950938,0.04761905,2.5401762,68.65625,0
6bba_8b7818bf,1034411,40,41.0,25.0,48.0,1.4264216,3.3250134,0.6507937,2.5434792,68.92444,0
6bba_8b7818bf,1034412,40,19.0,79.0,38.0,1.3544146,3.4512627,0.3015873,2.5434792,68.92444,0
6bba_8b7818bf,1034413,40,43.0,8.0,115.0,1.3142754,3.4398801,0.6825397,2.5434792,68.92444,0
6bba_8b7818bf,1034414,40,33.0,41.0,44.0,1.3357584,3.7511797,0.52380955,2.5434792,68.92444,0
6bba_8b7818bf,1034415,40,35.0,23.0,110.0,1.3016797,3.3867917,0.5555556,2.5434792,68.92444,0
6bba_8b7818bf,1034416,40,38.0,122.0,122.0,1.3365027,2.0509744,0.6031746,2.5434792,68.92444,0
6bba_8b7818bf,1034417,40,38.0,121.0,104.0,1.3320317,1.8576642,0.6031746,2.5434792,68.92444,0
6bba_8b7818bf,1034418,40,37.0,138.0,208.0,1.2099661,2.639012,0.5873016,2.5434792,68.92444,0
6bba_8b7818bf,1034419,40,26.0,33.0,206.0,1.2520598,2.6947482,0.41269842,2.5434792,68.92444,0
6bba_8b7818bf,1034420,40,16.0,60.0,244.0,1.1322365,2.5877953,0.25396827,2.5434792,68.92444,0
6bba_8b7818bf,1034421,40,50.0,90.0,24.0,1.2887644,1.9737744,0.7936508,2.5434792,68.92444,0
6bba_8b7818bf,1034422,40,38.0,8.0,255.0,1.2017936,2.657949,0.6031746,2.1396742,41.032837,0
6bba_8b7818bf,1034423,40,25.0,57.0,43.0,1.1836146,2.4865935,0.3968254,2.5434792,68.92444,0
6bba_8b7818bf,1034424,40,0.0,142.0,23.0,0.92041796,4.1890426,0.0,2.1350024,40.76465,0
6bba_8b7818bf,1034425,40,16.0,66.0,130.0,1.0088462,3.183214,0.25396827,2.5434792,68.92444,0
6bba_8b7818bf,1034426,41,29.0,33.0,231.0,2.2998304,4.9067745,0.46031746,2.5434792,68.92444,1
6bba_8b7818bf,1034427,41,36.0,133.0,179.0,2.058037,3.696995,0.5714286,2.5434792,68.92444,0
6bba_8b7818bf,1034428,41,51.0,10.0,40.0,1.7440447,3.8228476,0.8095238,2.5434792,68.92444,0
6bba_8b7818bf,1034429,41,36.0,44.0,20.0,1.7123318,3.7709818,0.5714286,2.5434792,68.92444,0
6bba_8b7818bf,1034430,41,34.0,19.0,184.0,1.520291,6.5312405,0.53968257,2.5434792,68.92444,0
6bba_8b7818bf,1034431,41,22.0,45.0,231.0,1.7381487,2.8002334,0.34920636,2.5434792,68.92444,1
6bba_8b7818bf,1034432,41,25.0,40.0,166.0,1.4662776,6.013563,0.3968254,2.5434792,68.92444,0
6bba_8b7818bf,1034433,41,43.0,0.0,206.0,1.5630198,3.491022,0.6825397,2.1396742,41.032837,0
6bba_8b7818bf,1034434,41,33.0,20.0,223.0,1.498164,4.5860004,0.52380955,2.5434792,68.92444,0
6bba_8b7818bf,1034435,41,6.0,97.0,113.0,1.630816,3.361583,0.0952381,2.5401762,68.65625,1
6bba_8b7818bf,1034436,41,6.0,98.0,108.0,1.5352159,2.8135393,0.0952381,2.5401762,68.65625,1
6bba_8b7818bf,1034437,41,16.0,98.0,0.0,1.3706082,9.295012,0.25396827,2.1396742,41.032837,0
6bba_8b7818bf,1034438,41,17.0,56.0,203.0,1.5481128,2.976157,0.26984128,2.5434792,68.92444,0
6bba_8b7818bf,1034439,41,26.0,37.0,188.0,1.4264811,5.188248,0.41269842,2.5401762,68.65625,0
6bba_8b7818bf,1034440,41,25.0,43.0,108.0,1.453723,4.0579047,0.3968254,2.5434792,68.92444,0
6bba_8b7818bf,1034441,41,0.0,101.0,194.0,1.3822763,3.3218813,0.0,2.1396742,41.032837,0
6bba_8b7818bf,1034442,41,50.0,54.0,8.0,1.5894622,4.933605,0.7936508,2.5401762,68.65625,0
6bba_8b7818bf,1034443,41,14.0,68.0,158.0,1.3717735,3.3430667,0.22222222,2.5401762,68.65625,0
6bba_8b7818bf,1034444,41,12.0,89.0,69.0,1.3593742,3.4812236,0.1904762,2.5434792,68.92444,0
6bba_8b7818bf,1034445,41,46.0,67.0,0.0,1.451947,3.7557793,0.73015875,2.1396742,41.032837,0
6bba_8b7818bf,1034446,41,42.0,8.0,117.0,1.359082,3.532017,0.6666667,2.5434792,68.92444,0
6bba_8b7818bf,1034447,41,32.0,42.0,45.0,1.3017528,3.9156947,0.50793654,2.5434792,68.92444,0
6bba_8b7818bf,1034448,41,14.0,63.0,244.0,1.2903445,2.9820566,0.22222222,2.5434792,68.92444,0
6bba_8b7818bf,1034449,41,41.0,25.0,48.0,1.3570222,2.9805593,0.6507937,2.5434792,68.92444,0
6bba_8b7818bf,1034450,41,34.0,25.0,106.0,1.2649156,3.7040517,0.53968257,2.5434792,68.92444,0
6bba_8b7818bf,1034451,41,18.0,81.0,41.0,1.2461272,2.9085498,0.2857143,2.5434792,68.92444,0
6bba_8b7818bf,1034452,41,36.0,125.0,118.0,1.3618312,1.9437063,0.5714286,2.5434792,68.92444,1
6bba_8b7818bf,1034453,41,27.0,32.0,206.0,1.2148069,3.1532154,0.42857143,2.5434792,68.92444,0
6bba_8b7818bf,1034454,41,38.0,119.0,106.0,1.3102975,1.7313789,0.6031746,2.5434792,68.92444,1
6bba_8b7818bf,1034455,41,49.0,91.0,26.0,1.3287206,2.0339537,0.7777778,2.5434792,68.92444,0
6bba_8b7818bf,1034456,41,37.0,138.0,208.0,1.1557698,2.796263,0.5873016,2.5434792,68.92444,0
6bba_8b7818bf,1034457,41,16.0,66.0,130.0,1.0584662,3.3664463,0.25396827,2.5401762,68.65625,0
6bba_8b7818bf,1034458,41,0.0,143.0,20.0,0.86958784,4.2438216,0.0,2.1350024,40.76465,0
6bba_8b7818bf,1034459,42,25.0,39.0,232.0,1.9838331,3.574931,0.3968254,2.5434792,68.92444,2
6bba_8b7818bf,1034460,42,35.0,135.0,184.0,2.0344942,3.6168923,0.5555556,2.5434792,68.92444,0
6bba_8b7818bf,1034461,42,36.0,42.0,20.0,1.934624,3.852715,0.5714286,2.5434792,68.92444,0
6bba_8b7818bf,1034462,42,20.0,49.0,238.0,1.9173471,2.8712652,0.31746033,2.5434792,68.92444,1
6bba_8b7818bf,1034463,42,15.0,62.0,207.0,1.7149348,3.3869138,0.23809524,2.5434792,68.92444,0
6bba_8b7818bf,1034464,42,50.0,10.0,43.0,1.7095641,4.1436462,0.7936508,2.5434792,68.92444,0
6bba_8b7818bf,1034465,42,24.0,44.0,111.0,1.6141831,3.9820411,0.3809524,2.5434792,68.92444,0
6bba_8b7818bf,1034466,42,33.0,20.0,189.0,1.5020962,5.771927,0.52380955,2.5434792,68.92444,0
6bba_8b7818bf,1034467,42,40.0,6.0,214.0,1.6839526,3.3530853,0.63492066,2.5434792,68.92444,0
6bba_8b7818bf,1034468,42,5.0,98.0,123.0,1.6888211,3.7348258,0.07936508,2.5401762,68.65625,0
6bba_8b7818bf,1034469,42,48.0,54.0,8.0,1.7653404,5.714629,0.7619048,2.5434792,68.92444,0
6bba_8b7818bf,1034470,42,0.0,101.0,196.0,1.3955169,3.7910316,0.0,2.1396742,41.032837,0
6bba_8b7818bf,1034471,42,44.0,69.0,0.0,1.5845071,3.810181,0.6984127,2.1396742,41.032837,0
6bba_8b7818bf,1034472,42,43.0,0.0,244.0,1.5205437,3.3864207,0.6825397,2.1396742,41.032837,0
6bba_8b7818bf,1034473,42,13.0,68.0,163.0,1.3863969,3.6162126,0.20634921,2.5434792,68.92444,0
6bba_8b7818bf,1034474,42,25.0,39.0,168.0,1.337809,5.4629664,0.3968254,2.5434792,68.92444,0
6bba_8b7818bf,1034475,42,11.0,92.0,72.0,1.3995588,3.77689,0.17460318,2.5401762,68.65625,0
6bba_8b7818bf,1034476,42,40.0,10.0,122.0,1.4336238,3.7075243,0.63492066,2.5434792,68.92444,0
6bba_8b7818bf,1034477,42,16.0,99.0,0.0,1.2936728,8.7726,0.25396827,2.1396742,41.032837,0
6bba_8b7818bf,1034478,42,16.0,83.0,43.0,1.4212748,3.1004415,0.25396827,2.5434792,68.92444,0
6bba_8b7818bf,1034479,42,41.0,24.0,57.0,1.3796424,3.4934647,0.6507937,2.5434792,68.92444,0
6bba_8b7818bf,1034480,42,22.0,44.0,189.0,1.3418872,4.901845,0.34920636,2.5434792,68.92444,0
6bba_8b7818bf,1034481,42,29.0,25.0,233.0,1.2267177,4.1469965,0.46031746,2.5434792,68.92444,1
6bba_8b7818bf,1034482,42,16.0,64.0,132.0,1.2738488,3.9437113,0.25396827,2.5434792,68.92444,0
6bba_8b7818bf,1034483,42,30.0,46.0,44.0,1.3280311,3.1847885,0.47619048,2.5434792,68.92444,1
6bba_8b7818bf,1034484,42,33.0,26.0,107.0,1.2436519,4.30156,0.52380955,2.5434792,68.92444,0
6bba_8b7818bf,1034485,42,36.0,125.0,123.0,1.3987641,2.023985,0.5714286,2.5434792,68.92444,0
6bba_8b7818bf,1034486,42,25.0,34.0,208.0,1.2219042,3.4703526,0.3968254,2.5434792,68.92444,0
6bba_8b7818bf,1034487,42,0.0,219.0,21.0,1.1951808,2.2981985,0.0,2.1396742,41.032837,0
6bba_8b7818bf,1034488,42,36.0,138.0,212.0,1.1378446,2.5530508,0.5714286,2.5434792,68.92444,0
6bba_8b7818bf,1034489,42,34.0,18.0,255.0,1.0295498,3.8281517,0.53968257,2.1396742,41.032837,0
6bba_8b7818bf,1034490,42,17.0,69.0,83.0,0.9427943,5.3031406,0.26984128,2.5434792,68.92444,0
6bba_8b7818bf,1034491,42,12.0,67.0,246.0,1.0578954,3.0925136,0.1904762,2.5434792,68.92444,0
6bba_8b7818bf,1034492,42,48.0,92.0,28.0,1.2326363,1.9327099,0.7619048,2.5434792,68.92444,0
6bba_8b7818bf,1034493,42,54.0,108.0,203.0,1.0947325,2.6252327,0.85714287,2.5434792,68.92444,0
6bba_8b7818bf,1034494,42,7.0,123.0,12.0,0.9010248,2.772149,0.11111111,2.5401762,68.65625,0
6bba_8b7818bf,1034495,42,24.0,58.0,44.0,1.1460742,2.0206058,0.3809524,2.5434792,68.92444,1
6bba_8b7818bf,1034496,42,49.0,0.0,89.0,0.8540611,4.1349263,0.7777778,2.1396742,41.032837,0
6bba_8b7818bf,1034497,42,21.0,160.0,83.0,1.0213779,2.2630703,0.33333334,2.5434792,68.92444,0
6bba_8b7818bf,1034498,42,6.0,215.0,255.0,1.2253675,1.8796692,0.0952381,2.1396742,41.032837,1
6bba_8b7818bf,1034499,42,5.0,99.0,97.0,0.93183357,5.2433615,0.07936508,2.5434792,68.92444,0
6bba_8b7818bf,1034500,42,0.0,224.0,255.0,1.1799386,1.4342921,0.0,1.7994134,24.405151,1
6bba_8b7818bf,1034501,42,39.0,10.0,161.0,0.80310005,3.5480404,0.61904764,2.5434792,68.92444,1
6bba_8b7818bf,1034502,42,38.0,11.0,174.0,0.79682964,2.7869728,0.6031746,2.5401762,68.65625,1
6bba_8b7818bf,1034503,42,5.0,92.0,255.0,0.62716717,5.4339447,0.07936508,2.1396742,41.032837,0
6bba_8b7818bf,1034504,42,63.0,72.0,78.0,0.8010218,3.015477,1.0,2.1396742,41.032837,0
6bba_8b7818bf,1034505,42,63.0,0.0,14.0,0.9566374,3.3661065,1.0,1.7994134,24.405151,0
6bba_8b7818bf,1034506,42,0.0,144.0,22.0,0.59923595,3.6007926,0.0,2.0369256,35.40088,0
6bba_8b7818bf,1034507,42,4.0,115.0,65.0,0.83363014,2.4525638,0.06349207,2.5235295,67.31531,0
6bba_8b7818bf,1034508,43,34.0,136.0,185.0,2.000461,3.5146523,0.53968257,2.5434792,68.92444,0
6bba_8b7818bf,1034509,43,23.0,42.0,235.0,1.9860845,2.9647303,0.36507937,2.5434792,68.92444,1
6bba_8b7818bf,1034510,43,19.0,50.0,238.0,1.9773341,2.8667784,0.3015873,2.5434792,68.92444,1
6bba_8b7818bf,1034511,43,36.0,42.0,22.0,1.8167279,3.6479874,0.5714286,2.5434792,68.92444,0
6bba_8b7818bf,1034512,43,23.0,45.0,113.0,1.6690232,4.100748,0.36507937,2.5434792,68.92444,0
6bba_8b7818bf,1034513,43,48.0,54.0,11.0,1.7970259,6.0839405,0.7619048,2.5434792,68.92444,0
6bba_8b7818bf,1034514,43,33.0,21.0,191.0,1.5592381,5.886502,0.52380955,2.5434792,68.92444,0
6bba_8b7818bf,1034515,43,14.0,63.0,210.0,1.6348212,3.5261278,0.22222222,2.5434792,68.92444,0
6bba_8b7818bf,1034516,43,51.0,9.0,45.0,1.6481202,3.7348914,0.8095238,2.5434792,68.92444,0
6bba_8b7818bf,1034517,43,39.0,7.0,216.0,1.6071728,3.22504,0.61904764,2.5434792,68.92444,0
6bba_8b7818bf,1034518,43,25.0,39.0,170.0,1.4085054,5.7908344,0.3968254,2.5434792,68.92444,0
6bba_8b7818bf,1034519,43,43.0,0.0,249.0,1.5751173,3.620192,0.6825397,2.1396742,41.032837,1
6bba_8b7818bf,1034520,43,10.0,93.0,75.0,1.4457811,3.764361,0.15873016,2.5434792,68.92444,0
6bba_8b7818bf,1034521,43,40.0,24.0,61.0,1.3991295,3.8961613,0.63492066,2.5434792,68.92444,0
6bba_8b7818bf,1034522,43,13.0,68.0,165.0,1.3280082,3.865171,0.20634921,2.5434792,68.92444,0
6bba_8b7818bf,1034523,43,5.0,97.0,125.0,1.5961301,3.1209495,0.07936508,2.5434792,68.92444,0
6bba_8b7818bf,1034524,43,16.0,99.0,0.0,1.3025407,7.6831717,0.25396827,2.1396742,41.032837,0
6bba_8b7818bf,1034525,43,40.0,10.0,125.0,1.3532133,3.6942694,0.63492066,2.5434792,68.92444,0
6bba_8b7818bf,1034526,43,16.0,83.0,49.0,1.3868489,3.177608,0.25396827,2.5434792,68.92444,1
6bba_8b7818bf,1034527,43,16.0,84.0,43.0,1.3702298,3.0042086,0.25396827,2.5434792,68.92444,1
6bba_8b7818bf,1034528,43,44.0,71.0,6.0,1.4659669,4.927401,0.6984127,2.5434792,68.92444,0
6bba_8b7818bf,1034529,43,0.0,100.0,194.0,1.2419451,3.3339708,0.0,2.1396742,41.032837,0
6bba_8b7818bf,1034530,43,21.0,46.0,188.0,1.297154,5.1072187,0.33333334,2.5434792,68.92444,0
6bba_8b7818bf,1034531,43,30.0,47.0,44.0,1.3788476,3.2079852,0.47619048,2.5434792,68.92444,1
6bba_8b7818bf,1034532,43,33.0,26.0,107.0,1.2632123,4.231138,0.52380955,2.5434792,68.92444,0
6bba_8b7818bf,1034533,43,16.0,64.0,133.0,1.2536125,3.5896308,0.25396827,2.5434792,68.92444,0
6bba_8b7818bf,1034534,43,24.0,37.0,209.0,1.309882,3.6737747,0.3809524,2.5434792,68.92444,0
6bba_8b7818bf,1034535,43,0.0,219.0,27.0,1.2895225,2.6382031,0.0,2.1396742,41.032837,0
6bba_8b7818bf,1034536,43,28.0,27.0,235.0,1.0688013,3.3035083,0.44444445,2.5434792,68.92444,0
6bba_8b7818bf,1034537,43,37.0,121.0,123.0,1.3680513,1.953579,0.5873016,2.5434792,68.92444,1
6bba_8b7818bf,1034538,43,35.0,126.0,127.0,1.3261769,1.9914243,0.5555556,2.5434792,68.92444,1
6bba_8b7818bf,1034539,43,12.0,67.0,248.0,1.1096574,3.2488482,0.1904762,2.5434792,68.92444,0
6bba_8b7818bf,1034540,43,47.0,95.0,29.0,1.2406788,1.9821713,0.74603176,2.5434792,68.92444,0
6bba_8b7818bf,1034541,43,35.0,139.0,213.0,1.1536736,2.4698334,0.5555556,2.5434792,68.92444,0
6bba_8b7818bf,1034542,43,24.0,58.0,45.0,1.2093952,2.0877984,0.3809524,2.5434792,68.92444,1
6bba_8b7818bf,1034543,43,34.0,20.0,255.0,1.004764,3.8126662,0.53968257,2.1396742,41.032837,1
6bba_8b7818bf,1034544,43,17.0,69.0,85.0,0.9135155,5.1883855,0.26984128,2.5434792,68.92444,0
6bba_8b7818bf,1034545,43,0.0,223.0,255.0,1.1933137,1.7651656,0.0,1.7994134,24.405151,1
6bba_8b7818bf,1034546,43,49.0,0.0,91.0,0.8257004,4.471359,0.7777778,2.1396742,41.032837,0
6bba_8b7818bf,1034547,43,5.0,100.0,99.0,0.9783481,5.6862044,0.07936508,2.5434792,68.92444,0
6bba_8b7818bf,1034548,43,53.0,109.0,205.0,0.99215853,2.4893374,0.84126985,2.5434792,68.92444,0
6bba_8b7818bf,1034549,43,5.0,131.0,0.0,1.0466031,2.459428,0.07936508,2.1350024,40.76465,1
6bba_8b7818bf,1034550,43,5.0,217.0,255.0,1.2062812,2.2050548,0.07936508,2.1396742,41.032837,1
6bba_8b7818bf,1034551,43,21.0,159.0,85.0,1.0168749,2.1074438,0.33333334,2.5434792,68.92444,0
6bba_8b7818bf,1034552,43,6.0,126.0,10.0,0.9586279,2.9057565,0.0952381,2.5401762,68.65625,1
6bba_8b7818bf,1034553,43,63.0,72.0,79.0,0.873109,2.9719326,1.0,2.1396742,41.032837,0
6bba_8b7818bf,1034554,43,38.0,10.0,165.0,0.794062,3.51124,0.6031746,2.5434792,68.92444,1
6bba_8b7818bf,1034555,43,38.0,11.0,176.0,0.79201156,3.0166035,0.6031746,2.5434792,68.92444,1
6bba_8b7818bf,1034556,43,47.0,27.0,0.0,0.907952,3.8223891,0.74603176,2.1396742,41.032837,0
6bba_8b7818bf,1034557,43,22.0,84.0,0.0,0.6604146,2.8913367,0.34920636,2.1350024,40.76465,0
6bba_8b7818bf,1034558,43,28.0,150.0,3.0,0.85909534,2.757985,0.44444445,2.5401762,68.65625,0
6bba_8b7818bf,1034559,43,0.0,142.0,29.0,0.6234005,3.709662,0.0,2.0317688,35.13269,0
6bba_8b7818bf,1034560,43,35.0,11.0,255.0,0.89175797,1.1832846,0.5555556,2.1161075,39.691895,2
6bba_8b7818bf,1034561,44,22.0,45.0,239.0,2.1437907,3.140665,0.34920636,2.5434792,68.92444,0
6bba_8b7818bf,1034562,44,34.0,136.0,187.0,1.973023,3.531084,0.53968257,2.5434792,68.92444,0
6bba_8b7818bf,1034563,44,14.0,65.0,209.0,1.7340523,3.4626992,0.22222222,2.5434792,68.92444,0
6bba_8b7818bf,1034564,44,48.0,52.0,12.0,1.8408598,5.858306,0.7619048,2.5434792,68.92444,0
6bba_8b7818bf,1034565,44,36.0,42.0,24.0,1.7839279,3.5284243,0.5714286,2.5434792,68.92444,0
6bba_8b7818bf,1034566,44,23.0,46.0,113.0,1.5940521,4.011053,0.36507937,2.5434792,68.92444,0
6bba_8b7818bf,1034567,44,32.0,23.0,195.0,1.4863311,5.2963743,0.50793654,2.5434792,68.92444,0
6bba_8b7818bf,1034568,44,51.0,9.0,45.0,1.6528881,3.8527637,0.8095238,2.5434792,68.92444,0
6bba_8b7818bf,1034569,44,25.0,39.0,170.0,1.4367431,5.7367454,0.3968254,2.5434792,68.92444,0
6bba_8b7818bf,1034570,44,39.0,7.0,220.0,1.5727699,3.3738847,0.61904764,2.5434792,68.92444,0
6bba_8b7818bf,1034571,44,39.0,11.0,128.0,1.490496,3.6206503,0.61904764,2.5434792,68.92444,0
6bba_8b7818bf,1034572,44,15.0,66.0,134.0,1.4376107,4.2876506,0.23809524,2.5434792,68.92444,0
6bba_8b7818bf,1034573,44,40.0,24.0,63.0,1.4300936,4.1768584,0.63492066,2.5434792,68.92444,0
6bba_8b7818bf,1034574,44,9.0,96.0,77.0,1.4358798,3.924807,0.14285715,2.5434792,68.92444,0
6bba_8b7818bf,1034575,44,0.0,101.0,194.0,1.3501642,3.43927,0.0,2.1396742,41.032837,0
6bba_8b7818bf,1034576,44,44.0,70.0,7.0,1.5303931,5.49007,0.6984127,2.5434792,68.92444,0
6bba_8b7818bf,1034577,44,30.0,47.0,47.0,1.4335049,3.5877142,0.47619048,2.5434792,68.92444,1
6bba_8b7818bf,1034578,44,13.0,68.0,168.0,1.3313055,3.433968,0.20634921,2.5434792,68.92444,0
6bba_8b7818bf,1034579,44,15.0,84.0,54.0,1.3746917,3.4685836,0.23809524,2.5434792,68.92444,0
6bba_8b7818bf,1034580,44,43.0,0.0,255.0,1.4376258,2.7868586,0.6825397,1.7994134,24.405151,0
6bba_8b7818bf,1034581,44,16.0,99.0,0.0,1.2797493,6.3850617,0.25396827,2.1396742,41.032837,1
6bba_8b7818bf,1034582,44,0.0,219.0,28.0,1.3463823,2.6458836,0.0,2.1396742,41.032837,0
6bba_8b7818bf,1034583,44,21.0,47.0,189.0,1.2355912,4.926421,0.33333334,2.5434792,68.92444,0
6bba_8b7818bf,1034584,44,6.0,95.0,126.0,1.3639365,2.557076,0.0952381,2.5401762,68.65625,0
6bba_8b7818bf,1034585,44,23.0,39.0,211.0,1.2810097,3.53214,0.36507937,2.5434792,68.92444,0
6bba_8b7818bf,1034586,44,28.0,29.0,239.0,1.1286422,3.8193536,0.44444445,2.5434792,68.92444,0
6bba_8b7818bf,1034587,44,33.0,27.0,108.0,1.1743575,4.0386477,0.52380955,2.5434792,68.92444,0
6bba_8b7818bf,1034588,44,35.0,125.0,129.0,1.3721662,2.0678127,0.5555556,2.5434792,68.92444,1
6bba_8b7818bf,1034589,44,36.0,121.0,123.0,1.4096153,1.923086,0.5714286,2.5434792,68.92444,1
6bba_8b7818bf,1034590,44,16.0,70.0,89.0,1.0103122,5.140137,0.25396827,2.5434792,68.92444,0
6bba_8b7818bf,1034591,44,48.0,88.0,33.0,1.2224247,1.9298654,0.7619048,2.5434792,68.92444,0
6bba_8b7818bf,1034592,44,49.0,0.0,93.0,0.92528915,4.5914893,0.7777778,2.1396742,41.032837,0
6bba_8b7818bf,1034593,44,11.0,70.0,249.0,1.0748205,3.9648788,0.17460318,2.5434792,68.92444,0
6bba_8b7818bf,1034594,44,0.0,223.0,255.0,1.1511118,2.307111,0.0,1.7994134,24.405151,0
6bba_8b7818bf,1034595,44,23.0,60.0,48.0,1.132789,2.0553262,0.36507937,2.5434792,68.92444,1
6bba_8b7818bf,1034596,44,21.0,85.0,0.0,0.9397496,4.1685367,0.33333334,2.1396742,41.032837,1
6bba_8b7818bf,1034597,44,63.0,72.0,81.0,0.95008284,2.9777179,1.0,2.1396742,41.032837,0
6bba_8b7818bf,1034598,44,53.0,109.0,206.0,1.0490445,2.3735209,0.84126985,2.5434792,68.92444,0
6bba_8b7818bf,1034599,44,47.0,29.0,0.0,1.0303553,3.8535643,0.74603176,2.1396742,41.032837,0
6bba_8b7818bf,1034600,44,5.0,100.0,102.0,0.927568,5.6783814,0.07936508,2.5401762,68.65625,0
6bba_8b7818bf,1034601,44,55.0,14.0,0.0,0.95942646,3.6596012,0.8730159,2.1396742,41.032837,0
6bba_8b7818bf,1034602,44,37.0,12.0,174.0,0.83116865,3.6162386,0.5873016,2.5434792,68.92444,0
6bba_8b7818bf,1034603,44,35.0,139.0,214.0,0.9876646,2.150418,0.5555556,2.5434792,68.92444,1
6bba_8b7818bf,1034604,44,6.0,125.0,13.0,0.8754087,2.8664327,0.0952381,2.5401762,68.65625,1
6bba_8b7818bf,1034605,44,5.0,132.0,3.0,0.99420476,2.8463473,0.07936508,2.5368643,68.38806,1
6bba_8b7818bf,1034606,44,33.0,22.0,255.0,0.7167372,3.1223292,0.52380955,2.1396742,41.032837,0
6bba_8b7818bf,1034607,44,38.0,133.0,222.0,0.89538,2.2493002,0.6031746,2.5434792,68.92444,1
6bba_8b7818bf,1034608,44,21.0,158.0,85.0,0.93771577,1.9625447,0.33333334,2.5434792,68.92444,0
6bba_8b7818bf,1034609,44,0.0,142.0,30.0,0.6140569,3.8921268,0.0,2.0369256,35.40088,0
6bba_8b7818bf,1034610,44,63.0,0.0,17.0,0.96153843,2.7133265,1.0,1.7994134,24.405151,0
6bba_8b7818bf,1034611,45,22.0,47.0,243.0,2.2314808,4.248186,0.34920636,2.5434792,68.92444,1
6bba_8b7818bf,1034612,45,35.0,43.0,27.0,1.8813823,3.862914,0.5555556,2.5434792,68.92444,0
6bba_8b7818bf,1034613,45,35.0,136.0,187.0,1.8866024,3.4831462,0.5555556,2.5434792,68.92444,0
6bba_8b7818bf,1034614,45,13.0,67.0,208.0,1.7294897,3.651858,0.20634921,2.5434792,68.92444,0
6bba_8b7818bf,1034615,45,18.0,55.0,238.0,1.7328283,2.3577595,0.2857143,2.5401762,68.65625,1
6bba_8b7818bf,1034616,45,23.0,47.0,115.0,1.5626997,4.0128045,0.36507937,2.5434792,68.92444,0
6bba_8b7818bf,1034617,45,31.0,24.0,198.0,1.482271,5.544246,0.4920635,2.5434792,68.92444,0
6bba_8b7818bf,1034618,45,39.0,8.0,220.0,1.5625582,3.740624,0.61904764,2.5434792,68.92444,0
6bba_8b7818bf,1034619,45,9.0,99.0,77.0,1.5385453,3.79977,0.14285715,2.5401762,68.65625,0
6bba_8b7818bf,1034620,45,40.0,25.0,64.0,1.4996301,4.21316,0.63492066,2.5434792,68.92444,0
6bba_8b7818bf,1034621,45,25.0,40.0,172.0,1.4016688,5.7929697,0.3968254,2.5434792,68.92444,0
6bba_8b7818bf,1034622,45,51.0,11.0,43.0,1.5566669,3.6822107,0.8095238,2.5434792,68.92444,0
6bba_8b7818bf,1034623,45,48.0,55.0,14.0,1.6565508,6.4540553,0.7619048,2.5434792,68.92444,0
6bba_8b7818bf,1034624,45,39.0,12.0,130.0,1.4276137,3.6495104,0.61904764,2.5434792,68.92444,0
6bba_8b7818bf,1034625,45,44.0,72.0,8.0,1.509376,4.5955315,0.6984127,2.5434792,68.92444,0
6bba_8b7818bf,1034626,45,13.0,71.0,169.0,1.3235006,3.3906171,0.20634921,2.5434792,68.92444,0
6bba_8b7818bf,1034627,45,15.0,85.0,56.0,1.3764135,3.7590864,0.23809524,2.5434792,68.92444,0
6bba_8b7818bf,1034628,45,0.0,102.0,194.0,1.2666467,3.464112,0.0,2.1396742,41.032837,0
6bba_8b7818bf,1034629,45,0.0,220.0,30.0,1.3549663,2.77815,0.0,2.1396742,41.032837,0
6bba_8b7818bf,1034630,45,23.0,40.0,212.0,1.3458148,4.1873465,0.36507937,2.5434792,68.92444,0
6bba_8b7818bf,1034631,45,27.0,32.0,244.0,1.2306545,3.2587953,0.42857143,2.5434792,68.92444,0
6bba_8b7818bf,1034632,45,44.0,0.0,255.0,1.250748,3.9479809,0.6984127,1.7994134,24.405151,0
6bba_8b7818bf,1034633,45,29.0,49.0,47.0,1.3697685,3.0854797,0.46031746,2.5434792,68.92444,0
6bba_8b7818bf,1034634,45,20.0,49.0,190.0,1.225247,4.5959625,0.31746033,2.5434792,68.92444,0
6bba_8b7818bf,1034635,45,16.0,100.0,0.0,1.1794087,6.4531884,0.25396827,2.1396742,41.032837,0
6bba_8b7818bf,1034636,45,15.0,67.0,138.0,1.1801575,3.881211,0.23809524,2.5434792,68.92444,0
6bba_8b7818bf,1034637,45,35.0,127.0,132.0,1.3633566,2.1484103,0.5555556,2.5434792,68.92444,0
6bba_8b7818bf,1034638,45,6.0,96.0,129.0,1.2315676,2.5472887,0.0952381,2.5401762,68.65625,0
6bba_8b7818bf,1034639,45,55.0,15.0,0.0,1.1290926,4.6641088,0.8730159,2.1396742,41.032837,0
6bba_8b7818bf,1034640,45,34.0,27.0,107.0,1.0428838,3.9901118,0.53968257,2.5401762,68.65625,0
6bba_8b7818bf,1034641,45,21.0,85.0,0.0,1.0540673,4.8475094,0.33333334,2.1396742,41.032837,0
6bba_8b7818bf,1034642,45,48.0,90.0,35.0,1.1942922,2.0507464,0.7619048,2.5434792,68.92444,0
6bba_8b7818bf,1034643,45,16.0,72.0,89.0,0.95324343,5.2186446,0.25396827,2.5434792,68.92444,0
6bba_8b7818bf,1034644,45,11.0,71.0,249.0,1.0717013,3.649597,0.17460318,2.5434792,68.92444,0
6bba_8b7818bf,1034645,45,53.0,110.0,205.0,1.099071,2.584808,0.84126985,2.5434792,68.92444,0
6bba_8b7818bf,1034646,45,50.0,0.0,96.0,0.9063258,4.1044827,0.7936508,2.1396742,41.032837,0
6bba_8b7818bf,1034647,45,37.0,14.0,179.0,0.91729236,4.2669897,0.5873016,2.5434792,68.92444,0
6bba_8b7818bf,1034648,45,0.0,224.0,255.0,1.0932906,2.2389278,0.0,1.7994134,24.405151,0
6bba_8b7818bf,1034649,45,36.0,139.0,218.0,1.0064714,2.4033463,0.5714286,2.5434792,68.92444,0
6bba_8b7818bf,1034650,45,63.0,73.0,80.0,0.8948418,3.0013385,1.0,2.1396742,41.032837,0
6bba_8b7818bf,1034651,45,19.0,165.0,91.0,0.9893864,2.274122,0.3015873,2.5434792,68.92444,0
6bba_8b7818bf,1034652,45,5.0,128.0,11.0,0.92340755,2.7863476,0.07936508,2.5401762,68.65625,0
6bba_8b7818bf,1034653,46,21.0,48.0,245.0,2.4173837,4.8774524,0.33333334,2.5434792,68.92444,0
6bba_8b7818bf,1034654,46,35.0,44.0,27.0,1.9513892,3.9692712,0.5555556,2.5434792,68.92444,0
6bba_8b7818bf,1034655,46,14.0,67.0,208.0,1.7251512,3.521368,0.22222222,2.5434792,68.92444,0
6bba_8b7818bf,1034656,46,34.0,136.0,189.0,1.8815193,3.341559,0.53968257,2.5434792,68.92444,0
6bba_8b7818bf,1034657,46,39.0,25.0,65.0,1.6044327,4.3896084,0.61904764,2.5434792,68.92444,0
6bba_8b7818bf,1034658,46,23.0,48.0,116.0,1.5902753,4.1580644,0.36507937,2.5434792,68.92444,0
6bba_8b7818bf,1034659,46,39.0,8.0,223.0,1.5591284,3.4953759,0.61904764,2.5434792,68.92444,0
6bba_8b7818bf,1034660,46,39.0,12.0,130.0,1.4980316,3.6668334,0.61904764,2.5434792,68.92444,0
6bba_8b7818bf,1034661,46,50.0,12.0,43.0,1.5502046,3.8191502,0.7936508,2.5434792,68.92444,0
6bba_8b7818bf,1034662,46,32.0,24.0,198.0,1.3512267,5.221807,0.50793654,2.5434792,68.92444,0
6bba_8b7818bf,1034663,46,47.0,57.0,16.0,1.6255641,6.347117,0.74603176,2.5434792,68.92444,0
6bba_8b7818bf,1034664,46,0.0,222.0,31.0,1.4118644,2.805843,0.0,2.1396742,41.032837,0
6bba_8b7818bf,1034665,46,25.0,39.0,173.0,1.3059225,5.337527,0.3968254,2.5434792,68.92444,0
6bba_8b7818bf,1034666,46,15.0,86.0,58.0,1.3803364,4.0159626,0.23809524,2.5401762,68.65625,0
6bba_8b7818bf,1034667,46,6.0,97.0,130.0,1.4403191,2.9058552,0.0952381,2.5401762,68.65625,0
6bba_8b7818bf,1034668,46,13.0,70.0,169.0,1.2906551,3.2127113,0.20634921,2.5434792,68.92444,0
6bba_8b7818bf,1034669,46,8.0,103.0,73.0,1.3547889,3.1502147,0.12698413,2.5401762,68.65625,0
6bba_8b7818bf,1034670,46,0.0,102.0,193.0,1.2512658,2.9989262,0.0,2.1396742,41.032837,0
6bba_8b7818bf,1034671,46,44.0,72.0,8.0,1.394188,4.3933864,0.6984127,2.5434792,68.92444,0
6bba_8b7818bf,1034672,46,23.0,41.0,213.0,1.2665781,3.7021625,0.36507937,2.5434792,68.92444,0
6bba_8b7818bf,1034673,46,44.0,0.0,255.0,1.1639452,4.9201703,0.6984127,1.7994134,24.405151,0
6bba_8b7818bf,1034674,46,15.0,102.0,0.0,1.171001,6.20933,0.23809524,2.1396742,41.032837,0
6bba_8b7818bf,1034675,46,27.0,33.0,247.0,1.1270529,3.0206876,0.42857143,2.5434792,68.92444,0
6bba_8b7818bf,1034676,46,28.0,51.0,47.0,1.315143,2.7592208,0.44444445,2.5434792,68.92444,0
6bba_8b7818bf,1034677,46,35.0,127.0,130.0,1.3694261,2.1286905,0.5555556,2.5434792,68.92444,0
6bba_8b7818bf,1034678,46,15.0,67.0,139.0,1.1353921,3.9242902,0.23809524,2.5434792,68.92444,0
6bba_8b7818bf,1034679,46,47.0,91.0,36.0,1.2571656,2.216433,0.74603176,2.5434792,68.92444,0
6bba_8b7818bf,1034680,46,20.0,50.0,188.0,1.0763688,4.2319,0.31746033,2.5434792,68.92444,0
6bba_8b7818bf,1034681,46,34.0,27.0,107.0,1.0315759,3.9169075,0.53968257,2.5401762,68.65625,0
6bba_8b7818bf,1034682,46,49.0,0.0,96.0,0.97350335,3.885057,0.7777778,2.1396742,41.032837,0
6bba_8b7818bf,1034683,46,54.0,17.0,0.0,1.1061478,3.8415365,0.85714287,2.1396742,41.032837,0
6bba_8b7818bf,1034684,46,0.0,225.0,255.0,1.1494738,2.4621973,0.0,1.7994134,24.405151,0
6bba_8b7818bf,1034685,46,21.0,86.0,0.0,0.9992942,4.1084394,0.33333334,2.1396742,41.032837,0
6bba_8b7818bf,1034686,46,38.0,13.0,177.0,0.90492505,3.93073,0.6031746,2.5434792,68.92444,0
6bba_8b7818bf,1034687,46,11.0,72.0,250.0,1.0322244,3.8129985,0.17460318,2.5434792,68.92444,0
6bba_8b7818bf,1034688,46,52.0,110.0,206.0,1.1001992,2.4483755,0.82539684,2.5434792,68.92444,0
6bba_8b7818bf,1034689,46,16.0,73.0,88.0,0.90201133,5.0284357,0.25396827,2.5434792,68.92444,0
6bba_8b7818bf,1034690,46,20.0,164.0,91.0,1.038157,2.3606539,0.31746033,2.5434792,68.92444,0
6bba_8b7818bf,1034691,47,20.0,51.0,248.0,2.43899,4.8089595,0.31746033,2.5434792,68.92444,1
6bba_8b7818bf,1034692,47,34.0,46.0,22.0,1.9894458,4.1292953,0.53968257,2.5434792,68.92444,0
6bba_8b7818bf,1034693,47,37.0,14.0,132.0,1.6549798,3.9069304,0.5873016,2.5434792,68.92444,0
6bba_8b7818bf,1034694,47,16.0,58.0,240.0,1.6743301,2.3794363,0.25396827,2.5401762,68.65625,1
6bba_8b7818bf,1034695,47,48.0,13.0,42.0,1.6132561,4.1599,0.7619048,2.5434792,68.92444,0
6bba_8b7818bf,1034696,47,14.0,87.0,52.0,1.5852196,3.5562258,0.22222222,2.5434792,68.92444,0
6bba_8b7818bf,1034697,47,34.0,135.0,186.0,1.7376966,2.8891203,0.53968257,2.5434792,68.92444,0
6bba_8b7818bf,1034698,47,39.0,25.0,64.0,1.5382118,4.145081,0.61904764,2.5434792,68.92444,0
6bba_8b7818bf,1034699,47,5.0,95.0,130.0,1.5001689,2.9372952,0.07936508,2.5401762,68.65625,0
6bba_8b7818bf,1034700,47,12.0,69.0,208.0,1.5292377,3.1503499,0.1904762,2.5434792,68.92444,0
6bba_8b7818bf,1034701,47,22.0,49.0,117.0,1.4806132,3.5888371,0.34920636,2.5434792,68.92444,0
6bba_8b7818bf,1034702,47,38.0,9.0,230.0,1.4767405,3.2744408,0.6031746,2.5434792,68.92444,0
6bba_8b7818bf,1034703,47,47.0,57.0,17.0,1.6881679,5.7269697,0.74603176,2.5434792,68.92444,0
6bba_8b7818bf,1034704,47,10.0,76.0,174.0,1.4309338,3.2587297,0.15873016,2.5401762,68.65625,1
6bba_8b7818bf,1034705,47,10.0,76.0,170.0,1.4460002,3.1083214,0.15873016,2.5401762,68.65625,1
6bba_8b7818bf,1034706,47,5.0,111.0,68.0,1.5919558,3.2930768,0.07936508,2.5401762,68.65625,0
6bba_8b7818bf,1034707,47,24.0,42.0,171.0,1.3016158,4.874656,0.3809524,2.5434792,68.92444,0
6bba_8b7818bf,1034708,47,29.0,29.0,201.0,1.2487624,5.057465,0.46031746,2.5434792,68.92444,0
6bba_8b7818bf,1034709,47,25.0,35.0,251.0,1.2245804,3.8299787,0.3968254,2.5434792,68.92444,0
6bba_8b7818bf,1034710,47,18.0,55.0,183.0,1.2312206,5.4569645,0.2857143,2.5434792,68.92444,0
6bba_8b7818bf,1034711,47,34.0,126.0,128.0,1.4492838,2.2196057,0.53968257,2.5434792,68.92444,0
6bba_8b7818bf,1034712,47,43.0,76.0,11.0,1.333507,4.9351892,0.6825397,2.5434792,68.92444,0
6bba_8b7818bf,1034713,47,0.0,100.0,255.0,1.0228808,12.712763,0.0,1.7994134,24.405151,0
6bba_8b7818bf,1034714,47,13.0,104.0,0.0,1.1779435,6.8601565,0.20634921,2.1396742,41.032837,0
6bba_8b7818bf,1034715,47,28.0,51.0,42.0,1.3409739,2.7570045,0.44444445,2.5434792,68.92444,1
6bba_8b7818bf,1034716,47,0.0,217.0,29.0,1.1988862,2.4372454,0.0,2.1396742,41.032837,0
6bba_8b7818bf,1034717,47,33.0,29.0,98.0,1.1190743,4.155156,0.52380955,2.5434792,68.92444,0
6bba_8b7818bf,1034718,47,20.0,46.0,215.0,1.1729691,3.4952044,0.31746033,2.5434792,68.92444,0
6bba_8b7818bf,1034719,47,51.0,20.0,0.0,1.183789,4.10584,0.8095238,2.1396742,41.032837,0
6bba_8b7818bf,1034720,47,14.0,68.0,136.0,1.1031356,3.5880296,0.22222222,2.5434792,68.92444,0
6bba_8b7818bf,1034721,47,46.0,94.0,37.0,1.2523519,2.3090885,0.73015875,2.5434792,68.92444,0
6bba_8b7818bf,1034722,47,0.0,101.0,193.0,1.0533847,3.2954843,0.0,2.1396742,41.032837,0
6bba_8b7818bf,1034723,47,0.0,225.0,255.0,1.0364494,2.8648956,0.0,1.7994134,24.405151,0
6bba_8b7818bf,1034724,47,22.0,62.0,50.0,1.2095642,2.3539302,0.34920636,2.5434792,68.92444,1
6bba_8b7818bf,1034725,47,35.0,123.0,112.0,1.2261285,1.7984096,0.5555556,2.5434792,68.92444,0
6bba_8b7818bf,1034726,47,51.0,111.0,207.0,1.0990754,2.445514,0.8095238,2.5434792,68.92444,0
6bba_8b7818bf,1034727,47,19.0,164.0,89.0,1.088325,2.273831,0.3015873,2.5434792,68.92444,0
6bba_8b7818bf,1034728,47,19.0,88.0,0.0,0.9870893,4.040301,0.3015873,2.1350024,40.76465,0
6bba_8b7818bf,1034729,47,9.0,75.0,251.0,1.0400568,3.7784226,0.14285715,2.5434792,68.92444,0
6bba_8b7818bf,1034730,47,36.0,15.0,181.0,0.8987733,3.4498208,0.5714286,2.5434792,68.92444,1
6bba_8b7818bf,1034731,47,37.0,13.0,177.0,0.8757239,3.6473622,0.5873016,2.5434792,68.92444,1
6bba_8b7818bf,1034732,48,20.0,50.0,251.0,2.0156465,3.985456,0.31746033,2.5434792,68.92444,2
6bba_8b7818bf,1034733,48,33.0,47.0,23.0,1.9254216,4.109723,0.52380955,2.5434792,68.92444,0
6bba_8b7818bf,1034734,48,16.0,57.0,240.0,1.6041085,3.1852205,0.25396827,2.5434792,68.92444,1
6bba_8b7818bf,1034735,48,33.0,135.0,186.0,1.7404368,2.623665,0.52380955,2.5434792,68.92444,0
6bba_8b7818bf,1034736,48,47.0,54.0,15.0,1.7253796,5.362133,0.74603176,2.5434792,68.92444,0
6bba_8b7818bf,1034737,48,10.0,74.0,172.0,1.4707989,3.5410557,0.15873016,2.5434792,68.92444,0
6bba_8b7818bf,1034738,48,37.0,14.0,133.0,1.454577,3.6445365,0.5873016,2.5434792,68.92444,0
6bba_8b7818bf,1034739,48,5.0,95.0,131.0,1.4902587,3.2745438,0.07936508,2.5401762,68.65625,0
6bba_8b7818bf,1034740,48,39.0,24.0,65.0,1.4436253,3.7931778,0.61904764,2.5434792,68.92444,0
6bba_8b7818bf,1034741,48,12.0,68.0,210.0,1.4456897,3.056266,0.1904762,2.5434792,68.92444,0
6bba_8b7818bf,1034742,48,14.0,87.0,52.0,1.4103826,3.6720378,0.22222222,2.5401762,68.65625,0
6bba_8b7818bf,1034743,48,48.0,13.0,45.0,1.4667296,3.5961306,0.7619048,2.5434792,68.92444,1
6bba_8b7818bf,1034744,48,23.0,41.0,172.0,1.3010541,5.030992,0.36507937,2.5434792,68.92444,0
6bba_8b7818bf,1034745,48,21.0,50.0,113.0,1.3825788,3.4537559,0.33333334,2.5434792,68.92444,0
6bba_8b7818bf,1034746,48,28.0,28.0,200.0,1.2806306,4.983014,0.44444445,2.5434792,68.92444,0
6bba_8b7818bf,1034747,48,33.0,127.0,132.0,1.5034252,2.3511617,0.52380955,2.5434792,68.92444,0
6bba_8b7818bf,1034748,48,24.0,36.0,251.0,1.2173052,3.5118847,0.3809524,2.5434792,68.92444,1
6bba_8b7818bf,1034749,48,42.0,76.0,11.0,1.3428508,4.501432,0.6666667,2.5434792,68.92444,0
6bba_8b7818bf,1034750,48,38.0,9.0,234.0,1.2459217,3.0877678,0.6031746,2.5434792,68.92444,0
6bba_8b7818bf,1034751,48,0.0,215.0,29.0,1.2074319,2.9155664,0.0,2.1396742,41.032837,0
6bba_8b7818bf,1034752,48,0.0,101.0,255.0,1.0412991,8.172282,0.0,1.7994134,24.405151,0
6bba_8b7818bf,1034753,48,28.0,52.0,40.0,1.3258526,2.9792776,0.44444445,2.5434792,68.92444,0
6bba_8b7818bf,1034754,48,4.0,113.0,64.0,1.4165388,3.1536036,0.06349207,2.5434792,68.92444,0
6bba_8b7818bf,1034755,48,12.0,108.0,0.0,0.9901424,8.306563,0.1904762,2.1396742,41.032837,0
6bba_8b7818bf,1034756,48,20.0,45.0,215.0,1.2061069,3.9710796,0.31746033,2.5434792,68.92444,0
6bba_8b7818bf,1034757,48,17.0,56.0,183.0,1.1652966,5.2729287,0.26984128,2.5434792,68.92444,0
6bba_8b7818bf,1034758,48,50.0,21.0,0.0,1.1839731,4.548901,0.7936508,2.1396742,41.032837,0
6bba_8b7818bf,1034759,48,18.0,90.0,0.0,1.0822747,4.968039,0.2857143,2.1350024,40.76465,0
6bba_8b7818bf,1034760,48,33.0,28.0,101.0,1.0340695,3.6939602,0.52380955,2.5434792,68.92444,0
6bba_8b7818bf,1034761,48,0.0,99.0,195.0,1.0000614,3.8575575,0.0,2.1396742,41.032837,0
6bba_8b7818bf,1034762,48,45.0,94.0,38.0,1.2655185,2.0804062,0.71428573,2.5434792,68.92444,0
6bba_8b7818bf,1034763,48,50.0,112.0,208.0,1.1508147,2.7295089,0.7936508,2.5434792,68.92444,0
6bba_8b7818bf,1034764,48,33.0,126.0,114.0,1.207413,1.865966,0.52380955,2.5434792,68.92444,0
6bba_8b7818bf,1034765,48,19.0,161.0,87.0,1.1289252,2.177379,0.3015873,2.5434792,68.92444,0
6bba_8b7818bf,1034766,48,14.0,67.0,133.0,0.99791294,3.4208848,0.22222222,2.5434792,68.92444,0
6bba_8b7818bf,1034767,48,38.0,11.0,174.0,0.81079084,3.8510141,0.6031746,2.5401762,68.65625,1
6bba_8b7818bf,1034768,48,21.0,63.0,50.0,1.0804334,2.4893386,0.33333334,2.5434792,68.92444,0
6bba_8b7818bf,1034769,48,0.0,139.0,0.0,0.87723786,3.9219308,0.0,1.7994134,24.405151,0
6bba_8b7818bf,1034770,48,0.0,221.0,255.0,0.9375741,2.8844242,0.0,1.7994134,24.405151,0
6bba_8b7818bf,1034771,48,14.0,79.0,80.0,0.8651878,4.3451715,0.22222222,2.5434792,68.92444,0
6bba_8b7818bf,1034772,48,63.0,71.0,77.0,1.033746,2.542399,1.0,2.1396742,41.032837,0
6bba_8b7818bf,1034773,48,63.0,109.0,255.0,0.79603267,6.2106705,1.0,1.7994134,24.405151,0
6bba_8b7818bf,1034774,48,32.0,142.0,213.0,1.0282604,1.8697829,0.50793654,2.5434792,68.92444,1
6bba_8b7818bf,1034775,48,34.0,139.0,217.0,1.0231134,1.9883927,0.53968257,2.5434792,68.92444,1
6bba_8b7818bf,1034776,48,49.0,0.0,100.0,0.7640462,4.835062,0.7777778,2.1396742,41.032837,0
6bba_8b7818bf,1034777,48,35.0,16.0,184.0,0.8101651,3.1229074,0.5555556,2.5434792,68.92444,1
6bba_8b7818bf,1034778,48,9.0,74.0,249.0,0.8984125,3.1823494,0.14285715,2.5434792,68.92444,0
6bba_8b7818bf,1034779,48,49.0,66.0,2.0,0.9675557,1.9237733,0.7777778,2.4652207,62.756104,0
6bba_8b7818bf,1034780,48,56.0,8.0,20.0,0.8562138,3.8228352,0.8888889,2.5434792,68.92444,0
6bba_8b7818bf,1034781,48,54.0,0.0,46.0,0.96862435,1.5999686,0.85714287,2.1396742,41.032837,1
6bba_8b7818bf,1034782,48,33.0,16.0,255.0,0.7991194,3.1450207,0.52380955,2.1396742,41.032837,0
6bba_8b7818bf,1034783,49,32.0,137.0,186.0,1.9772336,2.8526862,0.50793654,2.5434792,68.92444,0
6bba_8b7818bf,1034784,49,15.0,59.0,240.0,1.7096373,4.4608397,0.23809524,2.5434792,68.92444,0
6bba_8b7818bf,1034785,49,20.0,52.0,255.0,1.673103,3.317796,0.31746033,2.1396742,41.032837,0
6bba_8b7818bf,1034786,49,33.0,48.0,25.0,1.7792925,3.7214303,0.52380955,2.5434792,68.92444,1
6bba_8b7818bf,1034787,49,46.0,53.0,16.0,1.7220502,4.234762,0.73015875,2.5434792,68.92444,1
6bba_8b7818bf,1034788,49,47.0,14.0,48.0,1.5455645,3.531976,0.74603176,2.5434792,68.92444,0
6bba_8b7818bf,1034789,49,4.0,97.0,132.0,1.5114995,3.3439736,0.06349207,2.5401762,68.65625,0
6bba_8b7818bf,1034790,49,10.0,77.0,174.0,1.4441825,3.4421823,0.15873016,2.5401762,68.65625,0
6bba_8b7818bf,1034791,49,39.0,26.0,64.0,1.4568788,3.8852494,0.61904764,2.5434792,68.92444,0
6bba_8b7818bf,1034792,49,11.0,70.0,211.0,1.4324455,3.277504,0.17460318,2.5434792,68.92444,0
6bba_8b7818bf,1034793,49,34.0,48.0,12.0,1.5727288,2.7695358,0.53968257,2.5434792,68.92444,2
6bba_8b7818bf,1034794,49,13.0,88.0,53.0,1.3976545,3.4164593,0.20634921,2.5434792,68.92444,0
6bba_8b7818bf,1034795,49,36.0,15.0,135.0,1.3309174,3.6090016,0.5714286,2.5434792,68.92444,0
6bba_8b7818bf,1034796,49,33.0,129.0,134.0,1.5119975,2.277621,0.52380955,2.5434792,68.92444,0
6bba_8b7818bf,1034797,49,23.0,43.0,172.0,1.2247537,5.016844,0.36507937,2.5434792,68.92444,0
6bba_8b7818bf,1034798,49,0.0,217.0,34.0,1.2307987,2.9505944,0.0,2.1396742,41.032837,0
6bba_8b7818bf,1034799,49,28.0,30.0,203.0,1.2008184,4.853077,0.44444445,2.5434792,68.92444,0
6bba_8b7818bf,1034800,49,50.0,22.0,0.0,1.2650665,4.5794888,0.7936508,2.1396742,41.032837,0
6bba_8b7818bf,1034801,49,38.0,10.0,236.0,1.2201915,3.0334013,0.6031746,2.5434792,68.92444,0
6bba_8b7818bf,1034802,49,16.0,58.0,183.0,1.2071345,5.7722974,0.25396827,2.5434792,68.92444,0
6bba_8b7818bf,1034803,49,24.0,37.0,255.0,1.075217,4.4041967,0.3809524,2.1396742,41.032837,0
6bba_8b7818bf,1034804,49,11.0,110.0,0.0,1.1563795,8.366467,0.17460318,2.1396742,41.032837,0
6bba_8b7818bf,1034805,49,21.0,51.0,113.0,1.2084954,3.5303771,0.33333334,2.5434792,68.92444,0
6bba_8b7818bf,1034806,49,28.0,53.0,42.0,1.301296,2.8874915,0.44444445,2.5434792,68.92444,0
6bba_8b7818bf,1034807,49,0.0,104.0,255.0,0.95888144,9.930886,0.0,1.7994134,24.405151,0
6bba_8b7818bf,1034808,49,20.0,46.0,217.0,1.1769333,4.1588,0.31746033,2.5434792,68.92444,0
6bba_8b7818bf,1034809,49,5.0,110.0,65.0,1.1834638,2.4463959,0.07936508,2.5302145,67.851685,0
6bba_8b7818bf,1034810,49,33.0,28.0,101.0,1.0658966,3.6521518,0.52380955,2.5434792,68.92444,0
6bba_8b7818bf,1034811,49,0.0,142.0,0.0,1.0611618,3.4009438,0.0,1.7994134,24.405151,0
6bba_8b7818bf,1034812,49,32.0,130.0,116.0,1.2481778,1.9558573,0.50793654,2.5434792,68.92444,0
6bba_8b7818bf,1034813,49,42.0,77.0,11.0,1.181587,3.5516112,0.6666667,2.5434792,68.92444,1
6bba_8b7818bf,1034814,49,14.0,67.0,134.0,1.0690662,3.7329354,0.22222222,2.5434792,68.92444,0
6bba_8b7818bf,1034815,49,45.0,94.0,41.0,1.2133136,2.2007015,0.71428573,2.5434792,68.92444,0
6bba_8b7818bf,1034816,49,18.0,164.0,90.0,1.1339899,2.2926834,0.2857143,2.5434792,68.92444,0
6bba_8b7818bf,1034817,49,50.0,112.0,207.0,1.1477685,2.5270975,0.7936508,2.5434792,68.92444,0
6bba_8b7818bf,1034818,49,0.0,102.0,198.0,0.9239007,3.9877956,0.0,2.1396742,41.032837,0
6bba_8b7818bf,1034819,49,34.0,139.0,220.0,1.1409456,2.2979443,0.53968257,2.5434792,68.92444,0
6bba_8b7818bf,1034820,49,14.0,81.0,81.0,0.94490874,4.653265,0.22222222,2.5434792,68.92444,0
6bba_8b7818bf,1034821,49,49.0,0.0,101.0,0.8757709,4.543668,0.7777778,2.1396742,41.032837,0
6bba_8b7818bf,1034822,49,63.0,72.0,80.0,1.1664135,2.4614303,1.0,2.1396742,41.032837,0
6bba_8b7818bf,1034823,49,49.0,67.0,4.0,1.0744642,2.693379,0.7777778,2.5401762,68.65625,1
6bba_8b7818bf,1034824,49,16.0,93.0,0.0,0.97624195,3.2603903,0.25396827,2.1396742,41.032837,0
6bba_8b7818bf,1034825,49,56.0,7.0,24.0,0.9524077,4.159402,0.8888889,2.5434792,68.92444,0
6bba_8b7818bf,1034826,49,63.0,110.0,255.0,0.8518547,6.30787,1.0,1.7994134,24.405151,0
6bba_8b7818bf,1034827,49,21.0,65.0,51.0,1.0634351,2.3688061,0.33333334,2.5434792,68.92444,0
6bba_8b7818bf,1034828,49,0.0,223.0,255.0,0.82923174,3.0751584,0.0,1.7994134,24.405151,0
6bba_8b7818bf,1034829,49,38.0,11.0,175.0,0.70542645,3.70718,0.6031746,2.5434792,68.92444,1
6bba_8b7818bf,1034830,49,8.0,76.0,250.0,0.90424913,3.5371342,0.12698413,2.5434792,68.92444,0
6bba_8b7818bf,1034831,49,35.0,17.0,187.0,0.75435686,3.4669282,0.5555556,2.5434792,68.92444,1
6bba_8b7818bf,1034832,49,0.0,120.0,83.0,0.753291,2.8732677,0.0,2.1350024,40.76465,0
6bba_8b7818bf,1034833,49,54.0,0.0,49.0,0.95453995,1.6288776,0.85714287,2.1396742,41.032837,0
6bba_8b7818bf,1034834,49,25.0,152.0,10.0,0.8397134,2.161031,0.3968254,2.5434792,68.92444,1
6bba_8b7818bf,1034835,49,41.0,34.0,4.0,0.9379258,2.8561065,0.6507937,2.5434792,68.92444,0
6bba_8b7818bf,1034836,49,4.0,100.0,104.0,0.7372628,3.8841789,0.06349207,2.5434792,68.92444,0
6bba_8b7818bf,1034837,49,32.0,17.0,255.0,0.77070487,2.0740888,0.50793654,2.1396742,41.032837,0
6bba_8b7818bf,1034838,49,27.0,144.0,12.0,0.822738,1.7390307,0.42857143,2.5434792,68.92444,1
6bba_8b7818bf,1034839,50,46.0,53.0,16.0,1.7918015,4.4148927,0.73015875,2.5434792,68.92444,0
6bba_8b7818bf,1034840,50,32.0,137.0,185.0,1.8143622,2.622043,0.50793654,2.5434792,68.92444,0
6bba_8b7818bf,1034841,50,19.0,53.0,255.0,1.5703075,3.2752857,0.3015873,2.1396742,41.032837,1
6bba_8b7818bf,1034842,50,47.0,15.0,50.0,1.6729782,3.9250252,0.74603176,2.5434792,68.92444,0
6bba_8b7818bf,1034843,50,32.0,49.0,26.0,1.7030927,3.7868586,0.50793654,2.5434792,68.92444,0
6bba_8b7818bf,1034844,50,15.0,60.0,241.0,1.561969,4.3092513,0.23809524,2.5434792,68.92444,0
6bba_8b7818bf,1034845,50,14.0,88.0,54.0,1.4290339,3.553484,0.22222222,2.5434792,68.92444,0
6bba_8b7818bf,1034846,50,4.0,99.0,133.0,1.4630488,3.5046227,0.06349207,2.5401762,68.65625,0
6bba_8b7818bf,1034847,50,39.0,26.0,65.0,1.4110539,3.752753,0.61904764,2.5434792,68.92444,0
6bba_8b7818bf,1034848,50,10.0,77.0,168.0,1.3435817,3.3347301,0.15873016,2.5434792,68.92444,0
6bba_8b7818bf,1034849,50,36.0,16.0,131.0,1.3408505,3.159967,0.5714286,2.5434792,68.92444,0
6bba_8b7818bf,1034850,50,0.0,218.0,34.0,1.252079,3.2382662,0.0,2.1396742,41.032837,0
6bba_8b7818bf,1034851,50,12.0,70.0,211.0,1.3824829,3.261352,0.1904762,2.5401762,68.65625,0
6bba_8b7818bf,1034852,50,23.0,39.0,255.0,1.0452377,4.051861,0.36507937,2.1396742,41.032837,1
6bba_8b7818bf,1034853,50,32.0,130.0,137.0,1.4513481,2.4326012,0.50793654,2.5434792,68.92444,0
6bba_8b7818bf,1034854,50,49.0,24.0,0.0,1.2745942,4.2782593,0.7777778,2.1396742,41.032837,0
6bba_8b7818bf,1034855,50,16.0,59.0,182.0,1.1908442,6.209061,0.25396827,2.5434792,68.92444,0
6bba_8b7818bf,1034856,50,28.0,31.0,205.0,1.1711241,4.5019646,0.44444445,2.5434792,68.92444,0
6bba_8b7818bf,1034857,50,38.0,10.0,237.0,1.1948539,3.1195912,0.6031746,2.5434792,68.92444,0
6bba_8b7818bf,1034858,50,20.0,48.0,218.0,1.1730375,4.5684137,0.31746033,2.5434792,68.92444,0
6bba_8b7818bf,1034859,50,11.0,114.0,0.0,1.0483291,8.429812,0.17460318,2.1396742,41.032837,0
6bba_8b7818bf,1034860,50,3.0,118.0,61.0,1.3781497,2.9044504,0.04761905,2.5401762,68.65625,1
6bba_8b7818bf,1034861,50,0.0,105.0,255.0,0.9656917,7.436575,0.0,1.7994134,24.405151,0
6bba_8b7818bf,1034862,50,23.0,43.0,171.0,1.083959,5.1376176,0.36507937,2.5434792,68.92444,0
6bba_8b7818bf,1034863,50,5.0,112.0,64.0,1.2379934,2.3391786,0.07936508,2.5401762,68.65625,1
6bba_8b7818bf,1034864,50,28.0,52.0,45.0,1.2153871,3.245548,0.44444445,2.5434792,68.92444,0
6bba_8b7818bf,1034865,50,49.0,112.0,206.0,1.219552,2.6302874,0.7777778,2.5434792,68.92444,0
6bba_8b7818bf,1034866,50,21.0,52.0,114.0,1.0889004,3.5112526,0.33333334,2.5434792,68.92444,0
6bba_8b7818bf,1034867,50,18.0,164.0,92.0,1.1772484,2.3978655,0.2857143,2.5434792,68.92444,0
6bba_8b7818bf,1034868,50,0.0,102.0,197.0,0.92785144,3.962434,0.0,2.1396742,41.032837,0
6bba_8b7818bf,1034869,50,33.0,128.0,117.0,1.1706126,1.9067209,0.52380955,2.5434792,68.92444,0
6bba_8b7818bf,1034870,50,33.0,30.0,93.0,0.9779233,3.7190502,0.52380955,2.5434792,68.92444,0
6bba_8b7818bf,1034871,50,42.0,76.0,10.0,1.141311,2.9767404,0.6666667,2.5434792,68.92444,1
6bba_8b7818bf,1034872,50,16.0,95.0,0.0,1.0222007,2.9094205,0.25396827,2.1350024,40.76465,1
6bba_8b7818bf,1034873,50,0.0,143.0,0.0,0.93529123,2.9996889,0.0,1.7994134,24.405151,0
6bba_8b7818bf,1034874,50,14.0,83.0,82.0,0.91560715,4.433377,0.22222222,2.5434792,68.92444,0
6bba_8b7818bf,1034875,50,17.0,92.0,8.0,0.98658687,4.009025,0.26984128,2.5401762,68.65625,1
6bba_8b7818bf,1034876,50,14.0,68.0,135.0,0.95233464,3.5957828,0.22222222,2.5434792,68.92444,0
6bba_8b7818bf,1034877,50,34.0,139.0,219.0,1.10773,2.3574064,0.53968257,2.5434792,68.92444,0
6bba_8b7818bf,1034878,50,49.0,68.0,5.0,1.0775698,2.4754658,0.7777778,2.5335438,68.11987,1
6bba_8b7818bf,1034879,50,44.0,97.0,40.0,1.09502,2.142064,0.6984127,2.5434792,68.92444,1
6bba_8b7818bf,1034880,50,63.0,110.0,255.0,0.86753863,5.478416,1.0,1.7994134,24.405151,0
6bba_8b7818bf,1034881,50,45.0,97.0,28.0,1.0617316,1.8862548,0.71428573,2.5434792,68.92444,1
6bba_8b7818bf,1034882,50,0.0,221.0,255.0,0.8704793,2.9447951,0.0,1.7994134,24.405151,0
6bba_8b7818bf,1034883,50,56.0,8.0,25.0,0.842449,3.7383065,0.8888889,2.5434792,68.92444,0
6bba_8b7818bf,1034884,50,21.0,65.0,50.0,1.0112028,2.299408,0.33333334,2.5434792,68.92444,0
6bba_8b7818bf,1034885,50,63.0,75.0,89.0,1.0681902,2.0836334,1.0,2.1396742,41.032837,0
6bba_8b7818bf,1034886,50,37.0,14.0,179.0,0.7751366,4.076781,0.5873016,2.5434792,68.92444,0
6bba_8b7818bf,1034887,50,9.0,77.0,251.0,0.9146618,3.1205227,0.14285715,2.5434792,68.92444,0
6bba_8b7818bf,1034888,50,33.0,17.0,255.0,0.85282606,1.9488201,0.52380955,2.1396742,41.032837,0
6bba_8b7818bf,1034889,50,3.0,104.0,102.0,0.8007859,5.596752,0.04761905,2.5401762,68.65625,0
6bba_8b7818bf,1034890,50,26.0,151.0,10.0,0.8650189,2.0578783,0.41269842,2.5434792,68.92444,0
6bba_8b7818bf,1034891,50,49.0,0.0,98.0,0.6820092,3.6022766,0.7777778,2.1396742,41.032837,0
6bba_8b7818bf,1034892,50,41.0,35.0,8.0,0.92609745,2.641255,0.6507937,2.5434792,68.92444,0
6bba_8b7818bf,1034893,50,0.0,122.0,82.0,0.7138528,2.5922587,0.0,2.1396742,41.032837,0
6bba_8b7818bf,1034894,51,46.0,16.0,54.0,1.7606729,4.2502413,0.73015875,2.5434792,68.92444,1
6bba_8b7818bf,1034895,51,31.0,140.0,190.0,1.8554146,2.9087038,0.4920635,2.5434792,68.92444,0
6bba_8b7818bf,1034896,51,46.0,57.0,20.0,1.7999306,6.9736366,0.73015875,2.5434792,68.92444,1
6bba_8b7818bf,1034897,51,32.0,50.0,28.0,1.6391143,4.0263495,0.50793654,2.5434792,68.92444,1
6bba_8b7818bf,1034898,51,15.0,63.0,244.0,1.3718739,4.31879,0.23809524,2.5434792,68.92444,0
6bba_8b7818bf,1034899,51,38.0,27.0,69.0,1.4000338,3.7632916,0.6031746,2.5434792,68.92444,0
6bba_8b7818bf,1034900,51,0.0,105.0,134.0,1.4206711,2.7520726,0.0,2.1396742,41.032837,0
6bba_8b7818bf,1034901,51,13.0,89.0,61.0,1.3399829,3.46779,0.20634921,2.5434792,68.92444,0
6bba_8b7818bf,1034902,51,35.0,18.0,138.0,1.3389552,3.352627,0.5555556,2.5434792,68.92444,0
6bba_8b7818bf,1034903,51,19.0,50.0,221.0,1.2573347,4.755379,0.3015873,2.5434792,68.92444,0
6bba_8b7818bf,1034904,51,32.0,132.0,139.0,1.4306781,2.479004,0.50793654,2.5434792,68.92444,0
6bba_8b7818bf,1034905,51,0.0,121.0,62.0,1.3656065,2.2476504,0.0,2.1396742,41.032837,1
6bba_8b7818bf,1034906,51,10.0,80.0,167.0,1.2347646,3.1468647,0.15873016,2.5434792,68.92444,0
6bba_8b7818bf,1034907,51,0.0,221.0,31.0,1.1412747,3.1867926,0.0,2.1396742,41.032837,0
6bba_8b7818bf,1034908,51,48.0,24.0,5.0,1.2511188,6.855316,0.7619048,2.5434792,68.92444,0
6bba_8b7818bf,1034909,51,38.0,12.0,239.0,1.163794,3.2502682,0.6031746,2.5434792,68.92444,0
6bba_8b7818bf,1034910,51,9.0,118.0,0.0,1.154661,5.5598836,0.14285715,2.1396742,41.032837,0
6bba_8b7818bf,1034911,51,0.0,104.0,200.0,1.0471401,4.518021,0.0,2.1396742,41.032837,0
6bba_8b7818bf,1034912,51,16.0,62.0,186.0,1.1254864,5.2453537,0.25396827,2.5401762,68.65625,0
6bba_8b7818bf,1034913,51,33.0,52.0,15.0,1.3588536,2.57417,0.52380955,2.5434792,68.92444,2
6bba_8b7818bf,1034914,51,11.0,71.0,205.0,1.2022707,2.666863,0.17460318,2.5434792,68.92444,0
6bba_8b7818bf,1034915,51,22.0,46.0,172.0,1.0420845,5.1254005,0.34920636,2.5434792,68.92444,0
6bba_8b7818bf,1034916,51,27.0,54.0,47.0,1.2086873,3.2787569,0.42857143,2.5434792,68.92444,0
6bba_8b7818bf,1034917,51,20.0,54.0,114.0,1.104387,3.3330016,0.31746033,2.5434792,68.92444,0
6bba_8b7818bf,1034918,51,0.0,146.0,0.0,0.99904555,3.9833083,0.0,1.7994134,24.405151,0
6bba_8b7818bf,1034919,51,41.0,79.0,11.0,1.1935844,3.1249938,0.6507937,2.5434792,68.92444,1
6bba_8b7818bf,1034920,51,5.0,113.0,65.0,1.1939588,2.2507098,0.07936508,2.5401762,68.65625,1
6bba_8b7818bf,1034921,51,27.0,34.0,208.0,1.020195,4.3568263,0.42857143,2.5434792,68.92444,0
6bba_8b7818bf,1034922,51,0.0,106.0,255.0,0.7669479,9.180389,0.0,1.7994134,24.405151,0
6bba_8b7818bf,1034923,51,32.0,32.0,94.0,1.004366,3.7632973,0.50793654,2.5434792,68.92444,0
6bba_8b7818bf,1034924,51,49.0,113.0,209.0,1.125331,2.7561624,0.7777778,2.5434792,68.92444,0
6bba_8b7818bf,1034925,51,18.0,165.0,94.0,1.0960752,2.3386126,0.2857143,2.5434792,68.92444,0
6bba_8b7818bf,1034926,51,32.0,131.0,120.0,1.1335516,1.901006,0.50793654,2.5434792,68.92444,0
6bba_8b7818bf,1034927,51,15.0,94.0,11.0,0.9479321,4.018555,0.23809524,2.5434792,68.92444,0
6bba_8b7818bf,1034928,51,47.0,71.0,7.0,1.0886858,2.3495097,0.74603176,2.5434792,68.92444,1
6bba_8b7818bf,1034929,51,49.0,0.0,106.0,0.907791,3.311291,0.7777778,2.1396742,41.032837,0
6bba_8b7818bf,1034930,51,44.0,99.0,44.0,1.106232,2.1953852,0.6984127,2.5434792,68.92444,1
6bba_8b7818bf,1034931,51,34.0,140.0,220.0,1.0724503,2.2316728,0.53968257,2.5434792,68.92444,0
6bba_8b7818bf,1034932,51,55.0,10.0,29.0,0.9065051,3.4551198,0.8730159,2.5434792,68.92444,0
6bba_8b7818bf,1034933,51,13.0,83.0,84.0,0.866389,4.3101673,0.20634921,2.5434792,68.92444,0
6bba_8b7818bf,1034934,51,0.0,223.0,255.0,0.8460635,3.1244364,0.0,1.7994134,24.405151,0
6bba_8b7818bf,1034935,51,9.0,78.0,255.0,0.95951855,2.304582,0.14285715,2.1396742,41.032837,0
6bba_8b7818bf,1034936,51,44.0,100.0,32.0,1.0608456,1.9032182,0.6984127,2.5434792,68.92444,1
6bba_8b7818bf,1034937,51,40.0,38.0,10.0,0.98623514,3.3003206,0.63492066,2.5434792,68.92444,0
6bba_8b7818bf,1034938,51,13.0,70.0,139.0,0.8130925,3.1866996,0.20634921,2.5434792,68.92444,1
6bba_8b7818bf,1034939,51,15.0,66.0,147.0,0.75040644,3.1668847,0.23809524,2.5401762,68.65625,1
6bba_8b7818bf,1034940,51,20.0,68.0,51.0,0.96942425,2.10987,0.31746033,2.5434792,68.92444,0
6bba_8b7818bf,1034941,51,35.0,17.0,255.0,0.8611418,1.8021221,0.5555556,2.1396742,41.032837,0
6bba_8b7818bf,1034942,51,37.0,14.0,179.0,0.65806246,3.861376,0.5873016,2.5434792,68.92444,1
6bba_8b7818bf,1034943,51,63.0,77.0,94.0,0.940463,1.9509711,1.0,2.1396742,41.032837,1
6bba_8b7818bf,1034944,51,25.0,153.0,13.0,0.854323,2.0449944,0.3968254,2.5434792,68.92444,0
6bba_8b7818bf,1034945,51,63.0,75.0,81.0,1.0386864,2.12082,1.0,2.1396742,41.032837,1
6bba_8b7818bf,1034946,51,35.0,18.0,192.0,0.68883014,3.667449,0.5555556,2.5434792,68.92444,1
6bba_8b7818bf,1034947,51,0.0,121.0,85.0,0.64181167,2.7394886,0.0,2.1350024,40.76465,0
6bba_8b7818bf,1034948,51,0.0,107.0,106.0,0.7210255,3.8258495,0.0,2.1396742,41.032837,0
6bba_8b7818bf,1034949,51,63.0,109.0,255.0,0.6603338,5.2738867,1.0,1.7994134,24.405151,0
6bba_8b7818bf,1034950,51,52.0,4.0,49.0,0.9318747,1.4527798,0.82539684,2.5434792,68.92444,1
6bba_8b7818bf,1034951,51,44.0,68.0,41.0,0.63860726,3.9718168,0.6984127,2.5235295,67.31531,0
6bba_8b7818bf,1034952,52,45.0,17.0,56.0,1.6453481,4.0640297,0.71428573,2.5434792,68.92444,0
6bba_8b7818bf,1034953,52,45.0,56.0,22.0,1.7320153,4.478263,0.71428573,2.5434792,68.92444,0
6bba_8b7818bf,1034954,52,37.0,27.0,71.0,1.5127053,4.0724225,0.5873016,2.5434792,68.92444,0
6bba_8b7818bf,1034955,52,31.0,52.0,30.0,1.6261531,3.8118923,0.4920635,2.5434792,68.92444,0
6bba_8b7818bf,1034956,52,31.0,142.0,194.0,1.6859986,2.79459,0.4920635,2.5434792,68.92444,0
6bba_8b7818bf,1034957,52,11.0,71.0,208.0,1.491638,2.989312,0.17460318,2.5434792,68.92444,0
6bba_8b7818bf,1034958,52,1.0,104.0,135.0,1.4918019,3.015553,0.015873017,2.3316977,53.10132,0
6bba_8b7818bf,1034959,52,14.0,65.0,246.0,1.3421932,3.899463,0.22222222,2.5434792,68.92444,0
6bba_8b7818bf,1034960,52,13.0,87.0,67.0,1.3302187,3.3369205,0.20634921,2.5434792,68.92444,0
6bba_8b7818bf,1034961,52,0.0,102.0,201.0,1.1741692,4.502215,0.0,2.1396742,41.032837,0
6bba_8b7818bf,1034962,52,20.0,56.0,115.0,1.2847683,3.5441222,0.31746033,2.5434792,68.92444,0
6bba_8b7818bf,1034963,52,31.0,134.0,144.0,1.4613773,2.428784,0.4920635,2.5434792,68.92444,0
6bba_8b7818bf,1034964,52,38.0,12.0,241.0,1.2090617,3.3642004,0.6031746,2.5434792,68.92444,0
6bba_8b7818bf,1034965,52,35.0,19.0,141.0,1.2330657,3.220568,0.5555556,2.5434792,68.92444,0
6bba_8b7818bf,1034966,52,18.0,53.0,221.0,1.2471137,4.1988277,0.2857143,2.5434792,68.92444,0
6bba_8b7818bf,1034967,52,40.0,79.0,18.0,1.3168375,3.2036614,0.63492066,2.5434792,68.92444,0
6bba_8b7818bf,1034968,52,8.0,83.0,165.0,1.2057964,3.5694733,0.12698413,2.5434792,68.92444,0
6bba_8b7818bf,1034969,52,32.0,32.0,95.0,1.1075289,4.4763064,0.50793654,2.5434792,68.92444,0
6bba_8b7818bf,1034970,52,47.0,26.0,6.0,1.1793582,6.157237,0.74603176,2.5434792,68.92444,0
6bba_8b7818bf,1034971,52,5.0,114.0,67.0,1.218182,2.7878823,0.07936508,2.5235295,67.31531,0
6bba_8b7818bf,1034972,52,48.0,114.0,210.0,1.2337463,2.9378142,0.7619048,2.5434792,68.92444,0
6bba_8b7818bf,1034973,52,26.0,56.0,48.0,1.254334,2.941798,0.41269842,2.5434792,68.92444,0
6bba_8b7818bf,1034974,52,15.0,63.0,185.0,1.0863612,4.9972425,0.23809524,2.5434792,68.92444,0
6bba_8b7818bf,1034975,52,9.0,119.0,0.0,1.1213522,3.444588,0.14285715,2.1350024,40.76465,0
6bba_8b7818bf,1034976,52,0.0,225.0,35.0,0.9272914,2.9167433,0.0,2.1350024,40.76465,0
6bba_8b7818bf,1034977,52,21.0,49.0,172.0,0.9768729,4.36366,0.33333334,2.5434792,68.92444,0
6bba_8b7818bf,1034978,52,48.0,0.0,106.0,0.96722054,3.4210575,0.7619048,2.1396742,41.032837,0
6bba_8b7818bf,1034979,52,17.0,168.0,99.0,1.0633575,2.3196092,0.26984128,2.5434792,68.92444,0
6bba_8b7818bf,1034980,52,43.0,100.0,48.0,1.1324235,2.0939453,0.6825397,2.5434792,68.92444,0
6bba_8b7818bf,1034981,52,9.0,77.0,255.0,1.0840237,2.0237732,0.14285715,2.1396742,41.032837,0
6bba_8b7818bf,1034982,52,13.0,70.0,148.0,0.8951654,4.018459,0.20634921,2.5434792,68.92444,0
6bba_8b7818bf,1034983,52,15.0,96.0,14.0,0.9182514,4.0707407,0.23809524,2.5401762,68.65625,0
6bba_8b7818bf,1034984,52,0.0,223.0,255.0,0.77613115,5.194018,0.0,1.7994134,24.405151,0
6bba_8b7818bf,1034985,52,19.0,70.0,52.0,1.0595486,2.2845235,0.3015873,2.5434792,68.92444,0
6bba_8b7818bf,1034986,52,55.0,9.0,29.0,0.880478,3.20615,0.8730159,2.5401762,68.65625,0
6bba_8b7818bf,1034987,52,0.0,109.0,255.0,0.5986431,13.058443,0.0,1.7927979,24.136963,0
6bba_8b7818bf,1034988,52,14.0,84.0,85.0,0.85147333,2.850978,0.22222222,2.5368643,68.38806,0
6bba_8b7818bf,1034989,52,0.0,148.0,0.0,0.75857705,5.618288,0.0,1.7927979,24.136963,0
6bba_8b7818bf,1034990,52,34.0,140.0,223.0,1.0068915,2.122778,0.53968257,2.5434792,68.92444,1
6bba_8b7818bf,1034991,52,39.0,40.0,13.0,0.9677435,2.827556,0.61904764,2.5434792,68.92444,0
6bba_8b7818bf,1034992,52,31.0,147.0,220.0,0.9791747,1.8581036,0.4920635,2.5434792,68.92444,1
6bba_8b7818bf,1034993,52,25.0,37.0,222.0,0.7882574,3.2308114,0.3968254,2.5434792,68.92444,1
6bba_8b7818bf,1034994,52,24.0,155.0,12.0,0.8733947,2.09849,0.3809524,2.5434792,68.92444,0
6bba_8b7818bf,1034995,52,34.0,20.0,194.0,0.7027594,3.748134,0.53968257,2.5434792,68.92444,0
6bba_8b7818bf,1034996,52,63.0,111.0,255.0,0.70688236,6.0396147,1.0,1.7994134,24.405151,0
6bba_8b7818bf,1034997,52,31.0,23.0,255.0,0.73928326,1.9678007,0.4920635,2.1396742,41.032837,0
6bba_8b7818bf,1034998,52,26.0,36.0,211.0,0.7063261,2.8267229,0.41269842,2.5434792,68.92444,1
6bba_8b7818bf,1034999,52,63.0,78.0,97.0,0.8871322,1.6317334,1.0,2.1396742,41.032837,0
6bba_8b7818bf,1035000,52,59.0,78.0,78.0,1.0215104,2.1294093,0.93650794,2.5434792,68.92444,0
6bba_8b7818bf,1035001,52,0.0,123.0,88.0,0.57343733,3.3019207,0.0,2.0822053,37.814575,0
6bba_8b7818bf,1035002,52,52.0,5.0,48.0,0.8550767,1.7678446,0.82539684,2.5434792,68.92444,0
6bba_8b7818bf,1035003,53,35.0,32.0,76.0,1.7405099,5.366865,0.5555556,2.5434792,68.92444,0
6bba_8b7818bf,1035004,53,44.0,19.0,59.0,1.7272017,4.2904696,0.6984127,2.5434792,68.92444,0
6bba_8b7818bf,1035005,53,30.0,55.0,32.0,1.8174815,4.6332726,0.47619048,2.5434792,68.92444,0
6bba_8b7818bf,1035006,53,38.0,79.0,23.0,1.7408433,4.332579,0.6031746,2.5434792,68.92444,1
6bba_8b7818bf,1035007,53,0.0,103.0,211.0,1.4417058,4.752194,0.0,2.1396742,41.032837,0
6bba_8b7818bf,1035008,53,13.0,88.0,75.0,1.553575,4.0053415,0.20634921,2.5434792,68.92444,0
6bba_8b7818bf,1035009,53,0.0,108.0,139.0,1.558179,2.9554877,0.0,2.1396742,41.032837,0
6bba_8b7818bf,1035010,53,45.0,59.0,30.0,1.7271744,4.999117,0.71428573,2.5434792,68.92444,0
6bba_8b7818bf,1035011,53,13.0,70.0,255.0,1.485156,3.6646354,0.20634921,2.1396742,41.032837,0
6bba_8b7818bf,1035012,53,29.0,137.0,149.0,1.6282494,2.809143,0.46031746,2.5434792,68.92444,0
6bba_8b7818bf,1035013,53,32.0,33.0,102.0,1.2931578,5.5919895,0.50793654,2.5434792,68.92444,0
6bba_8b7818bf,1035014,53,11.0,75.0,219.0,1.425837,2.9608698,0.17460318,2.5434792,68.92444,0
6bba_8b7818bf,1035015,53,29.0,146.0,199.0,1.5426189,2.8155522,0.46031746,2.5434792,68.92444,1
6bba_8b7818bf,1035016,53,8.0,86.0,172.0,1.3461207,3.279213,0.12698413,2.5401762,68.65625,0
6bba_8b7818bf,1035017,53,19.0,58.0,120.0,1.278909,3.5378537,0.3015873,2.5434792,68.92444,0
6bba_8b7818bf,1035018,53,0.0,124.0,72.0,1.3391098,2.5242105,0.0,2.1396742,41.032837,0
6bba_8b7818bf,1035019,53,48.0,116.0,215.0,1.3770163,2.731724,0.7619048,2.5434792,68.92444,0
6bba_8b7818bf,1035020,53,34.0,22.0,149.0,1.2717662,3.0540705,0.53968257,2.5434792,68.92444,0
6bba_8b7818bf,1035021,53,38.0,12.0,244.0,1.2241144,3.4554386,0.6031746,2.5434792,68.92444,0
6bba_8b7818bf,1035022,53,18.0,55.0,229.0,1.2132496,3.857385,0.2857143,2.5434792,68.92444,0
6bba_8b7818bf,1035023,53,45.0,29.0,12.0,1.1484308,5.348094,0.71428573,2.5434792,68.92444,0
6bba_8b7818bf,1035024,53,26.0,57.0,51.0,1.2571015,3.3029752,0.41269842,2.5434792,68.92444,0
6bba_8b7818bf,1035025,53,21.0,51.0,178.0,1.0955408,4.6226106,0.33333334,2.5434792,68.92444,0
6bba_8b7818bf,1035026,53,9.0,122.0,0.0,1.2000445,3.1090071,0.14285715,2.1350024,40.76465,0
6bba_8b7818bf,1035027,53,15.0,64.0,193.0,1.0235883,4.909688,0.23809524,2.5434792,68.92444,0
6bba_8b7818bf,1035028,53,0.0,227.0,41.0,0.83587253,3.1755433,0.0,2.057296,36.473633,1
6bba_8b7818bf,1035029,53,42.0,97.0,49.0,1.2478534,1.9057375,0.6666667,2.5434792,68.92444,0
6bba_8b7818bf,1035030,53,16.0,169.0,105.0,1.1367987,2.2900505,0.25396827,2.5434792,68.92444,0
6bba_8b7818bf,1035031,53,0.0,151.0,0.0,0.91082394,4.3800445,0.0,1.7994134,24.405151,1
6bba_8b7818bf,1035032,53,32.0,24.0,201.0,0.9163196,3.7559793,0.50793654,2.5434792,68.92444,0
6bba_8b7818bf,1035033,53,47.0,3.0,106.0,0.95216674,4.0086107,0.74603176,2.5401762,68.65625,0
6bba_8b7818bf,1035034,53,13.0,73.0,158.0,0.9063544,3.832147,0.20634921,2.5434792,68.92444,0
6bba_8b7818bf,1035035,53,0.0,149.0,5.0,0.8129967,5.500053,0.0,2.1350024,40.76465,1
6bba_8b7818bf,1035036,53,14.0,99.0,22.0,0.905505,4.195131,0.22222222,2.5401762,68.65625,0
6bba_8b7818bf,1035037,53,47.0,70.0,17.0,1.1059123,1.9896425,0.74603176,2.5268764,67.583496,1
6bba_8b7818bf,1035038,53,54.0,11.0,26.0,0.885995,3.6701198,0.85714287,2.5434792,68.92444,0
6bba_8b7818bf,1035039,53,24.0,151.0,187.0,0.89221513,1.6680115,0.3809524,2.5201738,67.04712,1
6bba_8b7818bf,1035040,53,19.0,72.0,55.0,1.0140526,2.161457,0.3015873,2.5401762,68.65625,0
6bba_8b7818bf,1035041,53,38.0,43.0,15.0,1.03823,2.903745,0.6031746,2.5434792,68.92444,0
6bba_8b7818bf,1035042,53,29.0,151.0,222.0,1.0022469,2.0201154,0.46031746,2.5434792,68.92444,1
6bba_8b7818bf,1035043,53,25.0,40.0,230.0,0.7977065,3.2300298,0.3968254,2.5434792,68.92444,0
6bba_8b7818bf,1035044,53,0.0,223.0,52.0,0.6827457,2.1797924,0.0,2.0369256,35.40088,1
6bba_8b7818bf,1035045,53,34.0,141.0,228.0,0.94015455,2.0174465,0.53968257,2.5434792,68.92444,1
6bba_8b7818bf,1035046,53,0.0,226.0,255.0,0.6094516,10.352959,0.0,1.7994134,24.405151,0
6bba_8b7818bf,1035047,53,58.0,78.0,78.0,1.0484966,2.2519498,0.9206349,2.5434792,68.92444,0
6bba_8b7818bf,1035048,53,0.0,113.0,106.0,0.73399764,3.8399358,0.0,2.1396742,41.032837,0
6bba_8b7818bf,1035049,53,51.0,6.0,53.0,0.89860433,1.9339255,0.8095238,2.5434792,68.92444,0
6bba_8b7818bf,1035050,53,11.0,89.0,92.0,0.74974877,2.3640811,0.17460318,2.5368643,68.38806,0
6bba_8b7818bf,1035051,53,18.0,97.0,0.0,0.5660882,4.57272,0.2857143,2.1350024,40.76465,0
6bba_8b7818bf,1035052,54,43.0,69.0,39.0,2.0554564,5.1260734,0.6825397,2.5434792,68.92444,0
6bba_8b7818bf,1035053,54,43.0,23.0,57.0,1.8451709,4.5073085,0.6825397,2.5434792,68.92444,1
6bba_8b7818bf,1035054,54,29.0,61.0,31.0,1.9591758,5.2568464,0.46031746,2.5434792,68.92444,0
6bba_8b7818bf,1035055,54,0.0,114.0,142.0,1.6750361,3.6798058,0.0,2.1396742,41.032837,0
6bba_8b7818bf,1035056,54,35.0,34.0,77.0,1.7445744,4.9737124,0.5555556,2.5434792,68.92444,0
6bba_8b7818bf,1035057,54,0.0,108.0,216.0,1.546841,4.5165257,0.0,2.1396742,41.032837,0
6bba_8b7818bf,1035058,54,11.0,77.0,255.0,1.6255026,4.581867,0.17460318,2.1396742,41.032837,0
6bba_8b7818bf,1035059,54,9.0,81.0,226.0,1.7046319,3.802868,0.14285715,2.5434792,68.92444,0
6bba_8b7818bf,1035060,54,13.0,89.0,77.0,1.5968972,4.3417974,0.20634921,2.5434792,68.92444,0
6bba_8b7818bf,1035061,54,0.0,126.0,74.0,1.5111233,2.9504175,0.0,2.1396742,41.032837,0
6bba_8b7818bf,1035062,54,37.0,80.0,22.0,1.6787188,2.9721231,0.5873016,2.5434792,68.92444,0
6bba_8b7818bf,1035063,54,42.0,36.0,13.0,1.4204892,6.041594,0.6666667,2.5434792,68.92444,0
6bba_8b7818bf,1035064,54,27.0,151.0,198.0,1.6442658,2.8872359,0.42857143,2.5434792,68.92444,0
6bba_8b7818bf,1035065,54,33.0,25.0,153.0,1.435752,3.3463624,0.52380955,2.5434792,68.92444,0
6bba_8b7818bf,1035066,54,27.0,142.0,146.0,1.623486,2.4211557,0.42857143,2.5434792,68.92444,0
6bba_8b7818bf,1035067,54,31.0,37.0,104.0,1.2720538,5.1501503,0.4920635,2.5434792,68.92444,0
6bba_8b7818bf,1035068,54,16.0,61.0,229.0,1.3817705,3.7271943,0.25396827,2.5434792,68.92444,0
6bba_8b7818bf,1035069,54,6.0,93.0,176.0,1.3497379,3.0297093,0.0952381,2.5401762,68.65625,0
6bba_8b7818bf,1035070,54,19.0,61.0,122.0,1.2572752,3.892,0.3015873,2.5434792,68.92444,0
6bba_8b7818bf,1035071,54,25.0,61.0,51.0,1.3281088,3.86644,0.3968254,2.5434792,68.92444,0
6bba_8b7818bf,1035072,54,46.0,120.0,217.0,1.3482352,2.6965187,0.73015875,2.5434792,68.92444,0
6bba_8b7818bf,1035073,54,39.0,12.0,245.0,1.204198,3.52861,0.61904764,2.5434792,68.92444,0
6bba_8b7818bf,1035074,54,30.0,29.0,207.0,1.099304,4.0695844,0.47619048,2.5434792,68.92444,0
6bba_8b7818bf,1035075,54,14.0,70.0,194.0,1.0714957,7.0917163,0.22222222,2.5401762,68.65625,0
6bba_8b7818bf,1035076,54,20.0,55.0,179.0,1.0667508,4.8031974,0.31746033,2.5434792,68.92444,0
6bba_8b7818bf,1035077,54,46.0,7.0,108.0,1.1089996,3.5756009,0.73015875,2.5434792,68.92444,0
6bba_8b7818bf,1035078,54,8.0,126.0,8.0,1.1656116,4.870066,0.12698413,2.5401762,68.65625,0
6bba_8b7818bf,1035079,54,63.0,0.0,13.0,1.0035985,4.5324254,1.0,1.7994134,24.405151,0
6bba_8b7818bf,1035080,54,40.0,102.0,51.0,1.2505618,1.9125012,0.63492066,2.5434792,68.92444,0
6bba_8b7818bf,1035081,54,11.0,79.0,161.0,0.9812298,4.2907915,0.17460318,2.5434792,68.92444,0
6bba_8b7818bf,1035082,54,14.0,172.0,108.0,1.0963218,2.0543628,0.22222222,2.5434792,68.92444,0
6bba_8b7818bf,1035083,54,16.0,104.0,0.0,0.8491515,6.1409907,0.25396827,2.1350024,40.76465,0
6bba_8b7818bf,1035084,54,27.0,76.0,0.0,0.8161113,9.741076,0.42857143,2.1396742,41.032837,0
6bba_8b7818bf,1035085,54,24.0,44.0,234.0,0.8865978,4.0381236,0.3809524,2.5434792,68.92444,0
6bba_8b7818bf,1035086,54,54.0,12.0,27.0,0.9031941,4.172371,0.85714287,2.5434792,68.92444,0
6bba_8b7818bf,1035087,54,12.0,106.0,24.0,0.9209505,3.6503563,0.1904762,2.5434792,68.92444,0
6bba_8b7818bf,1035088,54,0.0,155.0,0.0,0.7761183,3.570832,0.0,1.7927979,24.136963,0
6bba_8b7818bf,1035089,54,0.0,119.0,102.0,0.8174998,4.8833694,0.0,2.1396742,41.032837,0
6bba_8b7818bf,1035090,54,32.0,147.0,232.0,0.9449636,2.2599757,0.50793654,2.5434792,68.92444,0
6bba_8b7818bf,1035091,54,17.0,79.0,55.0,0.9697073,2.206588,0.26984128,2.5434792,68.92444,0
6bba_8b7818bf,1035092,54,35.0,50.0,14.0,1.0130157,2.7081232,0.5555556,2.5434792,68.92444,0
6bba_8b7818bf,1035093,54,56.0,83.0,78.0,1.0495194,2.077607,0.8888889,2.5434792,68.92444,0
6bba_8b7818bf,1035094,54,49.0,10.0,53.0,0.9388621,1.7640331,0.7777778,2.5434792,68.92444,1
6bba_8b7818bf,1035095,55,42.0,71.0,39.0,2.0746377,5.0823674,0.6666667,2.5434792,68.92444,0
6bba_8b7818bf,1035096,55,10.0,78.0,255.0,1.7664855,5.1840773,0.15873016,2.1396742,41.032837,0
6bba_8b7818bf,1035097,55,28.0,62.0,31.0,1.9442239,4.902332,0.44444445,2.5434792,68.92444,0
6bba_8b7818bf,1035098,55,9.0,81.0,229.0,1.8177234,4.015288,0.14285715,2.5434792,68.92444,0
6bba_8b7818bf,1035099,55,0.0,115.0,141.0,1.6007165,4.0371037,0.0,2.1396742,41.032837,0
6bba_8b7818bf,1035100,55,0.0,127.0,71.0,1.6683083,3.6513915,0.0,2.1396742,41.032837,0
6bba_8b7818bf,1035101,55,34.0,35.0,77.0,1.6451564,4.6467443,0.53968257,2.5434792,68.92444,0
6bba_8b7818bf,1035102,55,42.0,23.0,58.0,1.7346413,4.335462,0.6666667,2.5434792,68.92444,0
6bba_8b7818bf,1035103,55,13.0,88.0,78.0,1.5060604,4.2294765,0.20634921,2.5434792,68.92444,0
6bba_8b7818bf,1035104,55,25.0,153.0,199.0,1.6252626,2.9640982,0.3968254,2.5434792,68.92444,0
6bba_8b7818bf,1035105,55,33.0,24.0,154.0,1.4309614,3.467798,0.52380955,2.5434792,68.92444,0
6bba_8b7818bf,1035106,55,0.0,108.0,219.0,1.2561294,4.429144,0.0,2.1396742,41.032837,0
6bba_8b7818bf,1035107,55,30.0,37.0,103.0,1.2476892,5.1138806,0.47619048,2.5434792,68.92444,0
6bba_8b7818bf,1035108,55,27.0,142.0,153.0,1.5258262,2.4748292,0.42857143,2.5434792,68.92444,1
6bba_8b7818bf,1035109,55,41.0,37.0,14.0,1.2743374,5.0449405,0.6507937,2.5434792,68.92444,0
6bba_8b7818bf,1035110,55,38.0,78.0,22.0,1.525849,3.0239964,0.6031746,2.5434792,68.92444,0
6bba_8b7818bf,1035111,55,15.0,62.0,231.0,1.3058448,3.895312,0.23809524,2.5434792,68.92444,0
6bba_8b7818bf,1035112,55,27.0,142.0,138.0,1.4067062,2.3720152,0.42857143,2.5434792,68.92444,1
6bba_8b7818bf,1035113,55,25.0,62.0,51.0,1.3117316,4.0513964,0.3968254,2.5434792,68.92444,0
6bba_8b7818bf,1035114,55,18.0,63.0,120.0,1.1607022,3.8663628,0.2857143,2.5434792,68.92444,0
6bba_8b7818bf,1035115,55,45.0,7.0,108.0,1.1776731,3.900538,0.71428573,2.5434792,68.92444,0
6bba_8b7818bf,1035116,55,63.0,0.0,11.0,1.1497188,4.352339,1.0,1.7994134,24.405151,0
6bba_8b7818bf,1035117,55,45.0,120.0,217.0,1.2580423,2.8613315,0.71428573,2.5434792,68.92444,0
6bba_8b7818bf,1035118,55,29.0,30.0,210.0,1.0730531,4.003733,0.46031746,2.5434792,68.92444,0
6bba_8b7818bf,1035119,55,7.0,91.0,177.0,1.1566238,2.691214,0.11111111,2.5235295,67.31531,0
6bba_8b7818bf,1035120,55,8.0,125.0,7.0,1.1660728,4.7021413,0.12698413,2.5401762,68.65625,0
6bba_8b7818bf,1035121,55,20.0,54.0,180.0,0.9552347,4.169662,0.31746033,2.5401762,68.65625,0
6bba_8b7818bf,1035122,55,13.0,72.0,194.0,0.94032806,5.6253405,0.20634921,2.5401762,68.65625,0
6bba_8b7818bf,1035123,55,26.0,78.0,0.0,0.86761636,11.957432,0.41269842,2.1396742,41.032837,0
6bba_8b7818bf,1035124,55,39.0,103.0,50.0,1.1977952,1.9010079,0.61904764,2.5434792,68.92444,0
6bba_8b7818bf,1035125,55,37.0,13.0,245.0,0.95478255,3.386496,0.5873016,2.5434792,68.92444,0
6bba_8b7818bf,1035126,55,23.0,45.0,235.0,0.9390265,4.2652507,0.36507937,2.5434792,68.92444,0
6bba_8b7818bf,1035127,55,11.0,79.0,161.0,0.92562246,4.183007,0.17460318,2.5434792,68.92444,0
6bba_8b7818bf,1035128,55,0.0,121.0,99.0,0.8779956,5.983904,0.0,2.1396742,41.032837,0
6bba_8b7818bf,1035129,55,0.0,156.0,0.0,0.8004049,3.5441973,0.0,1.7861332,23.868774,1
6bba_8b7818bf,1035130,55,14.0,171.0,109.0,1.0552466,2.0387871,0.22222222,2.5434792,68.92444,0
6bba_8b7818bf,1035131,55,15.0,105.0,0.0,0.7780233,6.5435166,0.23809524,2.1396742,41.032837,0
6bba_8b7818bf,1035132,55,54.0,11.0,28.0,0.88856155,3.950657,0.85714287,2.5434792,68.92444,0
6bba_8b7818bf,1035133,55,34.0,51.0,15.0,1.0344257,2.798123,0.53968257,2.5434792,68.92444,0
6bba_8b7818bf,1035134,55,31.0,146.0,234.0,0.9132688,2.2701197,0.4920635,2.5434792,68.92444,0
6bba_8b7818bf,1035135,55,18.0,77.0,52.0,1.0018907,2.0396712,0.2857143,2.5401762,68.65625,0
6bba_8b7818bf,1035136,55,0.0,155.0,7.0,0.6659303,5.324443,0.0,2.0522413,36.205444,1
6bba_8b7818bf,1035137,55,49.0,9.0,54.0,0.9137666,2.14285,0.7777778,2.5434792,68.92444,0
6bba_8b7818bf,1035138,55,12.0,106.0,27.0,0.8171298,3.4219322,0.1904762,2.5434792,68.92444,0
6bba_8b7818bf,1035139,55,23.0,148.0,25.0,0.8449197,2.181001,0.36507937,2.5434792,68.92444,0
6bba_8b7818bf,1035140,55,20.0,161.0,185.0,0.7099934,1.481088,0.31746033,2.5134354,66.51074,0
6bba_8b7818bf,1035141,55,25.0,158.0,225.0,0.9179272,1.9159961,0.3968254,2.5434792,68.92444,0
6bba_8b7818bf,1035142,55,55.0,84.0,82.0,0.98540395,1.9806277,0.8730159,2.5434792,68.92444,0
6bba_8b7818bf,1035143,55,7.0,102.0,103.0,0.77048284,4.300385,0.11111111,2.5434792,68.92444,0
6bba_8b7818bf,1035144,56,42.0,71.0,37.0,1.870586,5.1218014,0.6666667,2.5434792,68.92444,0
6bba_8b7818bf,1035145,56,28.0,62.0,30.0,1.9717305,5.5638957,0.44444445,2.5434792,68.92444,0
6bba_8b7818bf,1035146,56,0.0,116.0,136.0,1.5472629,4.1321516,0.0,2.1396742,41.032837,0
6bba_8b7818bf,1035147,56,10.0,78.0,255.0,1.5919943,4.283365,0.15873016,2.1396742,41.032837,1
6bba_8b7818bf,1035148,56,42.0,22.0,59.0,1.5655541,4.127979,0.6666667,2.5434792,68.92444,0
6bba_8b7818bf,1035149,56,34.0,35.0,74.0,1.4645877,4.1426244,0.53968257,2.5434792,68.92444,0
6bba_8b7818bf,1035150,56,13.0,87.0,78.0,1.4468817,4.1095414,0.20634921,2.5434792,68.92444,0
6bba_8b7818bf,1035151,56,9.0,81.0,229.0,1.5507939,3.4048374,0.14285715,2.5434792,68.92444,0
6bba_8b7818bf,1035152,56,25.0,153.0,199.0,1.613023,2.9081132,0.3968254,2.5434792,68.92444,0
6bba_8b7818bf,1035153,56,0.0,127.0,69.0,1.4425266,2.892877,0.0,2.1396742,41.032837,0
6bba_8b7818bf,1035154,56,27.0,142.0,139.0,1.4407803,2.452437,0.42857143,2.5434792,68.92444,0
6bba_8b7818bf,1035155,56,0.0,105.0,219.0,1.1702185,3.588659,0.0,2.1396742,41.032837,0
6bba_8b7818bf,1035156,56,15.0,62.0,228.0,1.3144809,3.950898,0.23809524,2.5434792,68.92444,0
6bba_8b7818bf,1035157,56,32.0,25.0,155.0,1.2041614,3.795874,0.50793654,2.5434792,68.92444,0
6bba_8b7818bf,1035158,56,41.0,37.0,11.0,1.1779928,4.730138,0.6507937,2.5434792,68.92444,0
6bba_8b7818bf,1035159,56,40.0,76.0,19.0,1.3290769,3.124461,0.63492066,2.5434792,68.92444,0
6bba_8b7818bf,1035160,56,45.0,120.0,216.0,1.2292203,3.0752287,0.71428573,2.5434792,68.92444,0
6bba_8b7818bf,1035161,56,8.0,125.0,5.0,1.1720648,5.820057,0.12698413,2.5401762,68.65625,0
6bba_8b7818bf,1035162,56,30.0,37.0,101.0,1.0291556,4.2331734,0.47619048,2.5434792,68.92444,0
6bba_8b7818bf,1035163,56,12.0,73.0,192.0,1.037554,6.6411614,0.1904762,2.5434792,68.92444,0
6bba_8b7818bf,1035164,56,13.0,69.0,255.0,1.049104,1.8979595,0.20634921,2.1396742,41.032837,1
6bba_8b7818bf,1035165,56,24.0,62.0,49.0,1.2062577,3.2957363,0.3809524,2.5434792,68.92444,0
6bba_8b7818bf,1035166,56,18.0,62.0,121.0,1.0290369,3.5542963,0.2857143,2.5434792,68.92444,0
6bba_8b7818bf,1035167,56,63.0,0.0,9.0,1.0197725,3.9063492,1.0,1.7994134,24.405151,0
6bba_8b7818bf,1035168,56,44.0,8.0,106.0,0.9886739,3.6222875,0.6984127,2.5434792,68.92444,0
6bba_8b7818bf,1035169,56,22.0,45.0,233.0,0.9509143,4.346879,0.34920636,2.5434792,68.92444,0
6bba_8b7818bf,1035170,56,4.0,101.0,169.0,1.0451444,3.659272,0.06349207,2.5401762,68.65625,0
6bba_8b7818bf,1035171,56,29.0,30.0,208.0,0.8938913,3.7272253,0.46031746,2.5434792,68.92444,0
6bba_8b7818bf,1035172,56,19.0,55.0,179.0,0.9107387,4.4332366,0.3015873,2.5434792,68.92444,0
6bba_8b7818bf,1035173,56,12.0,77.0,162.0,0.8949371,5.1552196,0.1904762,2.5434792,68.92444,0
6bba_8b7818bf,1035174,56,0.0,156.0,0.0,0.80608,3.6377997,0.0,1.745058,22.259644,0
6bba_8b7818bf,1035175,56,14.0,172.0,107.0,1.0558128,2.0746343,0.22222222,2.5401762,68.65625,0
6bba_8b7818bf,1035176,56,39.0,103.0,50.0,1.1143383,1.856625,0.61904764,2.5434792,68.92444,0
6bba_8b7818bf,1035177,56,0.0,121.0,98.0,0.82616067,4.803173,0.0,2.1396742,41.032837,0
6bba_8b7818bf,1035178,56,26.0,77.0,0.0,0.7841373,8.476657,0.41269842,2.1396742,41.032837,0
6bba_8b7818bf,1035179,56,12.0,106.0,29.0,0.8480937,3.9894872,0.1904762,2.5401762,68.65625,0
6bba_8b7818bf,1035180,56,54.0,10.0,28.0,0.84330297,3.7659452,0.85714287,2.5434792,68.92444,0
6bba_8b7818bf,1035181,56,23.0,149.0,23.0,0.8882054,2.288477,0.36507937,2.5401762,68.65625,0
6bba_8b7818bf,1035182,56,15.0,106.0,0.0,0.6679171,4.6763544,0.23809524,2.1396742,41.032837,0
6bba_8b7818bf,1035183,56,24.0,159.0,225.0,0.95975584,2.0838249,0.3809524,2.5434792,68.92444,0
6bba_8b7818bf,1035184,56,38.0,13.0,240.0,0.7624678,3.284553,0.6031746,2.5434792,68.92444,0
6bba_8b7818bf,1035185,56,17.0,78.0,53.0,0.9608201,2.0958157,0.26984128,2.5434792,68.92444,0
6bba_8b7818bf,1035186,56,7.0,103.0,101.0,0.7939068,3.977064,0.11111111,2.5434792,68.92444,0
6bba_8b7818bf,1035187,57,28.0,62.0,29.0,2.005937,5.342137,0.44444445,2.5434792,68.92444,0
6bba_8b7818bf,1035188,57,0.0,116.0,136.0,1.5929453,4.5594907,0.0,2.1396742,41.032837,0
6bba_8b7818bf,1035189,57,10.0,79.0,255.0,1.7304995,4.6416407,0.15873016,2.1396742,41.032837,0
6bba_8b7818bf,1035190,57,42.0,73.0,40.0,1.6988454,3.657802,0.6666667,2.5434792,68.92444,0
6bba_8b7818bf,1035191,57,9.0,81.0,231.0,1.7192827,3.574399,0.14285715,2.5434792,68.92444,0
6bba_8b7818bf,1035192,57,0.0,103.0,220.0,1.4418055,3.8826718,0.0,2.1396742,41.032837,0
6bba_8b7818bf,1035193,57,34.0,36.0,71.0,1.5076953,3.9807453,0.53968257,2.5434792,68.92444,0
6bba_8b7818bf,1035194,57,42.0,23.0,55.0,1.5333936,3.863635,0.6666667,2.5434792,68.92444,0
6bba_8b7818bf,1035195,57,0.0,125.0,69.0,1.4417441,3.386067,0.0,2.1396742,41.032837,0
6bba_8b7818bf,1035196,57,24.0,155.0,199.0,1.6154709,2.800983,0.3809524,2.5434792,68.92444,0
6bba_8b7818bf,1035197,57,14.0,85.0,79.0,1.4096107,3.7679868,0.22222222,2.5401762,68.65625,0
6bba_8b7818bf,1035198,57,26.0,143.0,154.0,1.4400039,2.400711,0.41269842,2.5434792,68.92444,0
6bba_8b7818bf,1035199,57,30.0,37.0,102.0,1.1175947,4.5711246,0.47619048,2.5434792,68.92444,0
6bba_8b7818bf,1035200,57,40.0,76.0,21.0,1.4097568,2.9120367,0.63492066,2.5434792,68.92444,0
6bba_8b7818bf,1035201,57,44.0,121.0,218.0,1.2744789,3.1345758,0.6984127,2.5434792,68.92444,0
6bba_8b7818bf,1035202,57,32.0,25.0,154.0,1.1362919,3.3274395,0.50793654,2.5434792,68.92444,0
6bba_8b7818bf,1035203,57,40.0,39.0,11.0,1.1437587,3.9781995,0.63492066,2.5434792,68.92444,1
6bba_8b7818bf,1035204,57,63.0,0.0,9.0,1.0856935,3.9633691,1.0,1.7994134,24.405151,0
6bba_8b7818bf,1035205,57,14.0,63.0,231.0,1.1715121,3.0690305,0.22222222,2.5434792,68.92444,0
6bba_8b7818bf,1035206,57,8.0,126.0,5.0,1.125217,5.1643295,0.12698413,2.5401762,68.65625,0
6bba_8b7818bf,1035207,57,11.0,75.0,192.0,1.0043752,6.1147223,0.17460318,2.5434792,68.92444,0
6bba_8b7818bf,1035208,57,17.0,65.0,114.0,0.9984473,3.1862516,0.26984128,2.5434792,68.92444,0
6bba_8b7818bf,1035209,57,24.0,62.0,49.0,1.1288203,3.765759,0.3809524,2.5434792,68.92444,0
6bba_8b7818bf,1035210,57,11.0,78.0,165.0,0.927326,5.5129957,0.17460318,2.5434792,68.92444,0
6bba_8b7818bf,1035211,57,6.0,92.0,183.0,0.94637465,3.0766447,0.0952381,2.5302145,67.851685,0
6bba_8b7818bf,1035212,57,37.0,106.0,53.0,1.1601634,1.9186485,0.5873016,2.5434792,68.92444,0
6bba_8b7818bf,1035213,57,19.0,55.0,181.0,0.91262037,4.2862897,0.3015873,2.5434792,68.92444,0
6bba_8b7818bf,1035214,57,0.0,157.0,0.0,0.7727905,3.268497,0.0,1.7165622,21.18689,0
6bba_8b7818bf,1035215,57,11.0,184.0,104.0,1.0276667,2.131649,0.17460318,2.5434792,68.92444,1
6bba_8b7818bf,1035216,57,21.0,46.0,234.0,0.8951974,3.6710384,0.33333334,2.5434792,68.92444,0
6bba_8b7818bf,1035217,57,43.0,9.0,105.0,0.8613151,3.76755,0.6825397,2.5434792,68.92444,0
6bba_8b7818bf,1035218,57,3.0,101.0,171.0,1.0018339,3.0266364,0.04761905,2.5401762,68.65625,1
6bba_8b7818bf,1035219,57,13.0,174.0,107.0,1.0062749,1.9263694,0.20634921,2.5434792,68.92444,1
6bba_8b7818bf,1035220,57,53.0,10.0,29.0,0.8607579,3.8388014,0.84126985,2.5434792,68.92444,0
6bba_8b7818bf,1035221,57,0.0,119.0,95.0,0.8246571,4.770729,0.0,2.1396742,41.032837,0
6bba_8b7818bf,1035222,57,11.0,107.0,29.0,0.89268553,3.687117,0.17460318,2.5434792,68.92444,0
6bba_8b7818bf,1035223,57,26.0,78.0,0.0,0.7686873,7.647616,0.41269842,2.1396742,41.032837,0
6bba_8b7818bf,1035224,57,28.0,31.0,204.0,0.7865768,3.4707654,0.44444445,2.5434792,68.92444,1
6bba_8b7818bf,1035225,57,34.0,50.0,15.0,1.0326676,2.502129,0.53968257,2.5401762,68.65625,1
6bba_8b7818bf,1035226,57,29.0,30.0,208.0,0.75897866,3.5903194,0.46031746,2.5434792,68.92444,1
6bba_8b7818bf,1035227,57,5.0,97.0,168.0,0.8671836,2.2977777,0.07936508,2.5100527,66.24255,1
6bba_8b7818bf,1035228,57,38.0,12.0,244.0,0.78386855,3.2406633,0.6031746,2.5434792,68.92444,0
6bba_8b7818bf,1035229,57,17.0,79.0,51.0,0.9742058,2.300414,0.26984128,2.5434792,68.92444,0
6bba_8b7818bf,1035230,57,15.0,107.0,0.0,0.6421415,5.342325,0.23809524,2.1396742,41.032837,0
6bba_8b7818bf,1035231,57,23.0,160.0,225.0,0.9538828,2.0088704,0.36507937,2.5434792,68.92444,0
6bba_8b7818bf,1035232,58,27.0,62.0,31.0,1.8839947,5.3751717,0.42857143,2.5434792,68.92444,0
6bba_8b7818bf,1035233,58,42.0,72.0,42.0,1.6337754,3.6121948,0.6666667,2.5434792,68.92444,0
6bba_8b7818bf,1035234,58,0.0,126.0,69.0,1.4624412,3.6841838,0.0,2.1396742,41.032837,0
6bba_8b7818bf,1035235,58,8.0,82.0,234.0,1.6344148,3.4600224,0.12698413,2.5434792,68.92444,0
6bba_8b7818bf,1035236,58,41.0,24.0,55.0,1.5597632,3.7260196,0.6507937,2.5434792,68.92444,0
6bba_8b7818bf,1035237,58,0.0,104.0,224.0,1.3718662,3.6701105,0.0,2.1396742,41.032837,0
6bba_8b7818bf,1035238,58,9.0,79.0,255.0,1.4765105,4.3334084,0.14285715,2.1396742,41.032837,0
6bba_8b7818bf,1035239,58,0.0,117.0,136.0,1.3346298,4.2700686,0.0,2.1350024,40.76465,0
6bba_8b7818bf,1035240,58,34.0,36.0,72.0,1.3834832,4.144253,0.53968257,2.5434792,68.92444,0
6bba_8b7818bf,1035241,58,15.0,82.0,81.0,1.372463,3.766177,0.23809524,2.5401762,68.65625,0
6bba_8b7818bf,1035242,58,23.0,157.0,201.0,1.5196061,2.702848,0.36507937,2.5434792,68.92444,0
6bba_8b7818bf,1035243,58,26.0,143.0,146.0,1.4560065,2.5151427,0.41269842,2.5434792,68.92444,0
6bba_8b7818bf,1035244,58,39.0,76.0,23.0,1.4573721,3.174897,0.61904764,2.5434792,68.92444,0
6bba_8b7818bf,1035245,58,26.0,144.0,164.0,1.3193904,2.699247,0.41269842,2.5434792,68.92444,0
6bba_8b7818bf,1035246,58,29.0,37.0,104.0,1.1068897,4.3432856,0.46031746,2.5434792,68.92444,0
6bba_8b7818bf,1035247,58,40.0,39.0,11.0,1.1658356,4.5339766,0.63492066,2.5434792,68.92444,1
6bba_8b7818bf,1035248,58,14.0,63.0,231.0,1.254914,3.1033149,0.22222222,2.5434792,68.92444,0
6bba_8b7818bf,1035249,58,44.0,121.0,219.0,1.2614629,3.0944214,0.6984127,2.5434792,68.92444,0
6bba_8b7818bf,1035250,58,32.0,25.0,154.0,1.1409912,3.0368278,0.50793654,2.5434792,68.92444,0
6bba_8b7818bf,1035251,58,0.0,120.0,93.0,0.9874497,5.9563036,0.0,2.1396742,41.032837,0
6bba_8b7818bf,1035252,58,63.0,0.0,10.0,1.06329,3.7289388,1.0,1.7994134,24.405151,0
6bba_8b7818bf,1035253,58,19.0,54.0,186.0,1.0093942,4.2350307,0.3015873,2.5434792,68.92444,0
6bba_8b7818bf,1035254,58,25.0,60.0,51.0,1.134835,4.1665387,0.3968254,2.5401762,68.65625,0
6bba_8b7818bf,1035255,58,17.0,65.0,117.0,0.9963144,3.3129776,0.26984128,2.5434792,68.92444,0
6bba_8b7818bf,1035256,58,43.0,9.0,108.0,0.9630076,3.7316494,0.6825397,2.5434792,68.92444,0
6bba_8b7818bf,1035257,58,8.0,125.0,7.0,1.0729344,4.435685,0.12698413,2.5401762,68.65625,0
6bba_8b7818bf,1035258,58,11.0,74.0,194.0,0.9774027,6.151409,0.17460318,2.5434792,68.92444,0
6bba_8b7818bf,1035259,58,0.0,103.0,173.0,1.0239804,2.7552447,0.0,2.1396742,41.032837,0
6bba_8b7818bf,1035260,58,11.0,79.0,168.0,0.9163743,5.6623425,0.17460318,2.5401762,68.65625,0
6bba_8b7818bf,1035261,58,37.0,106.0,53.0,1.1219561,1.8704515,0.5873016,2.5434792,68.92444,0
6bba_8b7818bf,1035262,58,22.0,150.0,27.0,0.96559256,2.4297252,0.34920636,2.5401762,68.65625,0
6bba_8b7818bf,1035263,58,11.0,107.0,33.0,0.92712045,3.832282,0.17460318,2.5401762,68.65625,1
6bba_8b7818bf,1035264,58,5.0,93.0,185.0,0.93787104,3.025475,0.07936508,2.5401762,68.65625,0
6bba_8b7818bf,1035265,58,13.0,174.0,110.0,1.0039595,2.043661,0.20634921,2.5434792,68.92444,1
6bba_8b7818bf,1035266,58,10.0,185.0,109.0,1.0064166,2.1213498,0.15873016,2.5434792,68.92444,1
6bba_8b7818bf,1035267,58,26.0,78.0,0.0,0.8048421,7.6205525,0.41269842,2.1396742,41.032837,0
6bba_8b7818bf,1035268,58,15.0,107.0,0.0,0.7013793,6.3603234,0.23809524,2.1350024,40.76465,0
6bba_8b7818bf,1035269,58,34.0,51.0,14.0,1.0251182,2.7506,0.53968257,2.5401762,68.65625,1
6bba_8b7818bf,1035270,58,21.0,46.0,235.0,0.8344568,3.4413311,0.33333334,2.5434792,68.92444,0
6bba_8b7818bf,1035271,58,7.0,103.0,100.0,0.81763214,3.6233199,0.11111111,2.5368643,68.38806,0
6bba_8b7818bf,1035272,58,53.0,11.0,27.0,0.8120742,3.5031395,0.84126985,2.5434792,68.92444,0
6bba_8b7818bf,1035273,58,27.0,151.0,231.0,0.9770328,2.2564378,0.42857143,2.5434792,68.92444,1
6bba_8b7818bf,1035274,58,0.0,156.0,0.0,0.66826594,2.9994304,0.0,1.7927979,24.136963,0
6bba_8b7818bf,1035275,58,37.0,13.0,246.0,0.7400715,3.9675536,0.5873016,2.5434792,68.92444,0
6bba_8b7818bf,1035276,58,28.0,32.0,202.0,0.73294246,3.3864052,0.44444445,2.5434792,68.92444,1
6bba_8b7818bf,1035277,58,16.0,82.0,48.0,0.9221973,2.2564948,0.25396827,2.5434792,68.92444,0
6bba_8b7818bf,1035278,58,55.0,83.0,79.0,0.9519144,2.2281291,0.8730159,2.5434792,68.92444,0
6bba_8b7818bf,1035279,58,28.0,31.0,210.0,0.6913603,3.217215,0.44444445,2.5434792,68.92444,1
6bba_8b7818bf,1035280,58,23.0,161.0,228.0,0.87952363,1.8192426,0.36507937,2.5434792,68.92444,1
6bba_8b7818bf,1035281,58,11.0,111.0,20.0,0.7288184,2.360045,0.17460318,2.5168092,66.77893,1
6bba_8b7818bf,1035282,59,26.0,64.0,30.0,2.0611653,4.884723,0.41269842,2.5434792,68.92444,0
6bba_8b7818bf,1035283,59,40.0,25.0,56.0,1.6965803,4.0651956,0.63492066,2.5434792,68.92444,0
6bba_8b7818bf,1035284,59,7.0,82.0,238.0,1.8230075,3.6850815,0.11111111,2.5434792,68.92444,0
6bba_8b7818bf,1035285,59,22.0,155.0,203.0,1.7613717,2.861211,0.34920636,2.5434792,68.92444,0
6bba_8b7818bf,1035286,59,0.0,124.0,72.0,1.4920754,4.1916065,0.0,2.1396742,41.032837,0
6bba_8b7818bf,1035287,59,14.0,82.0,83.0,1.4767724,4.4954867,0.22222222,2.5434792,68.92444,0
6bba_8b7818bf,1035288,59,0.0,104.0,230.0,1.3576437,3.5554605,0.0,2.1350024,40.76465,1
6bba_8b7818bf,1035289,59,8.0,79.0,255.0,1.5994047,3.1751373,0.12698413,2.1396742,41.032837,0
6bba_8b7818bf,1035290,59,0.0,105.0,236.0,1.242835,3.3981478,0.0,2.1350024,40.76465,1
6bba_8b7818bf,1035291,59,40.0,67.0,43.0,1.5888456,3.8009417,0.63492066,2.5434792,68.92444,0
6bba_8b7818bf,1035292,59,32.0,39.0,72.0,1.3452941,3.9957757,0.50793654,2.5434792,68.92444,0
6bba_8b7818bf,1035293,59,37.0,41.0,17.0,1.3060457,5.1230907,0.5873016,2.5434792,68.92444,1
6bba_8b7818bf,1035294,59,24.0,81.0,0.0,1.2011799,9.255197,0.3809524,2.1396742,41.032837,0
6bba_8b7818bf,1035295,59,29.0,37.0,104.0,1.1794405,4.643778,0.46031746,2.5434792,68.92444,0
6bba_8b7818bf,1035296,59,31.0,23.0,154.0,1.2469949,3.3642588,0.4920635,2.5434792,68.92444,0
6bba_8b7818bf,1035297,59,13.0,62.0,231.0,1.3145676,3.5162165,0.20634921,2.5434792,68.92444,0
6bba_8b7818bf,1035298,59,35.0,78.0,21.0,1.226197,2.6873522,0.5555556,2.5401762,68.65625,1
6bba_8b7818bf,1035299,59,43.0,120.0,220.0,1.321441,2.7110794,0.6825397,2.5434792,68.92444,0
6bba_8b7818bf,1035300,59,42.0,10.0,103.0,1.0622706,3.8249454,0.6666667,2.5434792,68.92444,0
6bba_8b7818bf,1035301,59,63.0,0.0,10.0,1.1319197,3.8211305,1.0,1.7994134,24.405151,0
6bba_8b7818bf,1035302,59,19.0,154.0,25.0,1.1534452,2.591161,0.3015873,2.5434792,68.92444,0
6bba_8b7818bf,1035303,59,24.0,144.0,147.0,1.207194,2.1522512,0.3809524,2.5434792,68.92444,0
6bba_8b7818bf,1035304,59,18.0,53.0,187.0,1.0169343,4.3603344,0.2857143,2.5434792,68.92444,0
6bba_8b7818bf,1035305,59,23.0,145.0,162.0,1.2107196,2.084107,0.36507937,2.5434792,68.92444,1
6bba_8b7818bf,1035306,59,0.0,122.0,91.0,0.9300838,5.7527804,0.0,2.1350024,40.76465,0
6bba_8b7818bf,1035307,59,9.0,81.0,176.0,1.0014888,4.859895,0.14285715,2.5434792,68.92444,0
6bba_8b7818bf,1035308,59,22.0,67.0,47.0,1.2741227,2.7867453,0.34920636,2.5434792,68.92444,0
6bba_8b7818bf,1035309,59,10.0,75.0,201.0,0.973265,5.84832,0.15873016,2.5434792,68.92444,0
6bba_8b7818bf,1035310,59,20.0,45.0,236.0,1.0020003,3.790886,0.31746033,2.5434792,68.92444,0
6bba_8b7818bf,1035311,59,11.0,175.0,113.0,1.1462615,2.1894188,0.17460318,2.5434792,68.92444,0
6bba_8b7818bf,1035312,59,6.0,127.0,7.0,1.0275342,3.1635275,0.0952381,2.5434792,68.92444,0
6bba_8b7818bf,1035313,59,16.0,65.0,124.0,0.959724,3.401868,0.25396827,2.5434792,68.92444,0
6bba_8b7818bf,1035314,59,13.0,109.0,0.0,0.9348016,5.6589193,0.20634921,2.1396742,41.032837,0
6bba_8b7818bf,1035315,59,11.0,105.0,38.0,0.9584864,3.6286404,0.17460318,2.5066607,65.974365,0
6bba_8b7818bf,1035316,59,0.0,97.0,194.0,0.96557885,2.5822413,0.0,2.1396742,41.032837,0
6bba_8b7818bf,1035317,59,35.0,106.0,54.0,1.1329806,1.9422464,0.5555556,2.5434792,68.92444,0
6bba_8b7818bf,1035318,59,47.0,46.0,9.0,0.7622669,2.0861104,0.74603176,2.4826555,64.097046,1
6bba_8b7818bf,1035319,59,54.0,79.0,97.0,1.0201129,2.1438644,0.85714287,2.5434792,68.92444,1
6bba_8b7818bf,1035320,59,54.0,78.0,89.0,1.0860416,1.9644611,0.85714287,2.5434792,68.92444,1
6bba_8b7818bf,1035321,59,22.0,160.0,229.0,1.0358416,2.1409307,0.34920636,2.5434792,68.92444,1
6bba_8b7818bf,1035322,59,26.0,136.0,161.0,1.0847764,1.7045906,0.41269842,2.5434792,68.92444,1
6bba_8b7818bf,1035323,59,31.0,56.0,15.0,1.0652665,2.3637197,0.4920635,2.5434792,68.92444,0
6bba_8b7818bf,1035324,59,0.0,103.0,179.0,0.86458623,2.4417305,0.0,2.1396742,41.032837,0
6bba_8b7818bf,1035325,59,27.0,31.0,210.0,0.7903628,3.6210256,0.42857143,2.5434792,68.92444,1
6bba_8b7818bf,1035326,59,52.0,11.0,24.0,0.8148463,3.8531363,0.82539684,2.5434792,68.92444,1
6bba_8b7818bf,1035327,59,26.0,149.0,235.0,0.9531111,2.0329807,0.41269842,2.5434792,68.92444,1
6bba_8b7818bf,1035328,59,26.0,33.0,199.0,0.75830734,3.1226804,0.41269842,2.5434792,68.92444,1
6bba_8b7818bf,1035329,59,53.0,7.0,35.0,0.7544482,3.1011088,0.84126985,2.5434792,68.92444,1
6bba_8b7818bf,1035330,59,42.0,72.0,25.0,1.0696735,1.5628194,0.6666667,2.5335438,68.11987,1
6bba_8b7818bf,1035331,59,14.0,84.0,53.0,0.9466762,2.0556855,0.22222222,2.5434792,68.92444,0
6bba_8b7818bf,1035332,60,27.0,63.0,31.0,1.8644663,5.6919246,0.42857143,2.5434792,68.92444,0
6bba_8b7818bf,1035333,60,42.0,72.0,42.0,1.5941297,3.9817896,0.6666667,2.5434792,68.92444,0
6bba_8b7818bf,1035334,60,0.0,126.0,69.0,1.4487864,3.6819198,0.0,2.1396742,41.032837,0
6bba_8b7818bf,1035335,60,0.0,104.0,224.0,1.3508239,4.0244756,0.0,2.1396742,41.032837,0
6bba_8b7818bf,1035336,60,9.0,81.0,234.0,1.5667188,3.382218,0.14285715,2.5434792,68.92444,0
6bba_8b7818bf,1035337,60,15.0,82.0,81.0,1.3750023,3.9578843,0.23809524,2.5401762,68.65625,0
6bba_8b7818bf,1035338,60,9.0,79.0,255.0,1.3900242,4.094663,0.14285715,2.1396742,41.032837,1
6bba_8b7818bf,1035339,60,34.0,36.0,72.0,1.367686,4.060205,0.53968257,2.5434792,68.92444,0
6bba_8b7818bf,1035340,60,0.0,118.0,136.0,1.2632407,4.025681,0.0,2.1350024,40.76465,0
6bba_8b7818bf,1035341,60,42.0,24.0,54.0,1.4057106,3.2337394,0.6666667,2.5434792,68.92444,1
6bba_8b7818bf,1035342,60,23.0,157.0,201.0,1.4973239,2.741531,0.36507937,2.5434792,68.92444,0
6bba_8b7818bf,1035343,60,26.0,143.0,146.0,1.4399811,2.5618985,0.41269842,2.5434792,68.92444,0
6bba_8b7818bf,1035344,60,11.0,74.0,255.0,1.2372273,3.5737743,0.17460318,2.1396742,41.032837,1
6bba_8b7818bf,1035345,60,39.0,76.0,23.0,1.4341216,3.2054508,0.61904764,2.5434792,68.92444,0
6bba_8b7818bf,1035346,60,29.0,37.0,103.0,1.1564139,4.650453,0.46031746,2.5434792,68.92444,0
6bba_8b7818bf,1035347,60,26.0,144.0,164.0,1.2944959,2.7612543,0.41269842,2.5434792,68.92444,0
6bba_8b7818bf,1035348,60,40.0,39.0,11.0,1.141731,4.9690504,0.63492066,2.5434792,68.92444,1
6bba_8b7818bf,1035349,60,0.0,120.0,94.0,1.0531391,6.3293724,0.0,2.1396742,41.032837,0
6bba_8b7818bf,1035350,60,44.0,121.0,219.0,1.2497761,3.1146247,0.6984127,2.5434792,68.92444,0
6bba_8b7818bf,1035351,60,14.0,63.0,231.0,1.213889,3.118879,0.22222222,2.5434792,68.92444,0
6bba_8b7818bf,1035352,60,32.0,25.0,155.0,1.1103514,3.073673,0.50793654,2.5434792,68.92444,0
6bba_8b7818bf,1035353,60,63.0,0.0,10.0,1.1189057,3.8800123,1.0,1.7994134,24.405151,0
6bba_8b7818bf,1035354,60,8.0,125.0,7.0,1.0871147,4.5359693,0.12698413,2.5401762,68.65625,0
6bba_8b7818bf,1035355,60,19.0,54.0,186.0,0.9883041,4.124405,0.3015873,2.5434792,68.92444,0
6bba_8b7818bf,1035356,60,17.0,65.0,117.0,0.9980407,3.3778462,0.26984128,2.5434792,68.92444,0
6bba_8b7818bf,1035357,60,25.0,60.0,51.0,1.1752982,4.0854425,0.3968254,2.5401762,68.65625,0
6bba_8b7818bf,1035358,60,0.0,103.0,173.0,1.0216868,2.8239956,0.0,2.1396742,41.032837,0
6bba_8b7818bf,1035359,60,11.0,74.0,195.0,0.9612904,6.6318398,0.17460318,2.5434792,68.92444,0
6bba_8b7818bf,1035360,60,11.0,79.0,168.0,0.918329,5.7521195,0.17460318,2.5401762,68.65625,0
6bba_8b7818bf,1035361,60,22.0,150.0,27.0,0.96205306,2.4445891,0.34920636,2.5401762,68.65625,0
6bba_8b7818bf,1035362,60,13.0,174.0,110.0,0.9988948,2.0532339,0.20634921,2.5434792,68.92444,1
6bba_8b7818bf,1035363,60,43.0,9.0,108.0,0.8657862,3.413332,0.6825397,2.5434792,68.92444,0
6bba_8b7818bf,1035364,60,37.0,108.0,51.0,1.0661525,1.9114858,0.5873016,2.5434792,68.92444,0
6bba_8b7818bf,1035365,60,5.0,93.0,188.0,0.8830264,2.9840102,0.07936508,2.5401762,68.65625,0
6bba_8b7818bf,1035366,60,10.0,185.0,109.0,1.0010778,2.129408,0.15873016,2.5434792,68.92444,1
6bba_8b7818bf,1035367,60,26.0,78.0,0.0,0.78834885,7.9131722,0.41269842,2.1396742,41.032837,0
6bba_8b7818bf,1035368,60,11.0,108.0,31.0,0.89778686,3.5826628,0.17460318,2.5401762,68.65625,1
6bba_8b7818bf,1035369,60,21.0,46.0,237.0,0.82984877,3.8425717,0.33333334,2.5434792,68.92444,0
6bba_8b7818bf,1035370,60,52.0,11.0,26.0,0.8445178,3.6490705,0.82539684,2.5434792,68.92444,0
6bba_8b7818bf,1035371,60,35.0,34.0,51.0,1.030352,1.8465548,0.5555556,2.5368643,68.38806,1
6bba_8b7818bf,1035372,60,15.0,107.0,0.0,0.6952806,6.0463586,0.23809524,2.1396742,41.032837,0
6bba_8b7818bf,1035373,60,34.0,52.0,14.0,0.9933232,3.0291228,0.53968257,2.5401762,68.65625,1
6bba_8b7818bf,1035374,60,7.0,103.0,100.0,0.8239436,3.4049256,0.11111111,2.5268764,67.583496,0
6bba_8b7818bf,1035375,60,28.0,31.0,210.0,0.7284668,3.5137887,0.44444445,2.5434792,68.92444,0
6bba_8b7818bf,1035376,60,37.0,13.0,246.0,0.74309474,4.047087,0.5873016,2.5434792,68.92444,0
6bba_8b7818bf,1035377,60,0.0,156.0,0.0,0.6682273,2.9871602,0.0,1.7927979,24.136963,0
6bba_8b7818bf,1035378,60,27.0,152.0,231.0,0.9525036,2.2873394,0.42857143,2.5434792,68.92444,1
6bba_8b7818bf,1035379,60,16.0,83.0,46.0,0.9394329,2.498282,0.25396827,2.5401762,68.65625,0
6bba_8b7818bf,1035380,60,55.0,84.0,79.0,0.9132415,2.213019,0.8730159,2.5434792,68.92444,0
6bba_8b7818bf,1035381,60,23.0,161.0,228.0,0.8488153,1.8197873,0.36507937,2.5434792,68.92444,1
6bba_8b7818bf,1035382,60,11.0,111.0,20.0,0.72812885,2.4394479,0.17460318,2.5201738,67.04712,1
6bba_8b7818bf,1035383,61,27.0,63.0,31.0,1.8644663,5.6919246,0.42857143,2.5434792,68.92444,0
6bba_8b7818bf,1035384,61,42.0,72.0,42.0,1.5941297,3.9817896,0.6666667,2.5434792,68.92444,0
6bba_8b7818bf,1035385,61,0.0,126.0,69.0,1.4487864,3.6819198,0.0,2.1396742,41.032837,0
6bba_8b7818bf,1035386,61,0.0,104.0,224.0,1.3508239,4.0244756,0.0,2.1396742,41.032837,0
6bba_8b7818bf,1035387,61,9.0,81.0,234.0,1.5667188,3.382218,0.14285715,2.5434792,68.92444,0
6bba_8b7818bf,1035388,61,15.0,82.0,81.0,1.3750023,3.9578843,0.23809524,2.5401762,68.65625,0
6bba_8b7818bf,1035389,61,9.0,79.0,255.0,1.3900242,4.094663,0.14285715,2.1396742,41.032837,1
6bba_8b7818bf,1035390,61,34.0,36.0,72.0,1.367686,4.060205,0.53968257,2.5434792,68.92444,0
6bba_8b7818bf,1035391,61,0.0,118.0,136.0,1.2632407,4.025681,0.0,2.1350024,40.76465,0
6bba_8b7818bf,1035392,61,42.0,24.0,54.0,1.4057106,3.2337394,0.6666667,2.5434792,68.92444,1
6bba_8b7818bf,1035393,61,23.0,157.0,201.0,1.4973239,2.741531,0.36507937,2.5434792,68.92444,0
6bba_8b7818bf,1035394,61,26.0,143.0,146.0,1.4399811,2.5618985,0.41269842,2.5434792,68.92444,0
6bba_8b7818bf,1035395,61,11.0,74.0,255.0,1.2372273,3.5737743,0.17460318,2.1396742,41.032837,1
6bba_8b7818bf,1035396,61,39.0,76.0,23.0,1.4341216,3.2054508,0.61904764,2.5434792,68.92444,0
6bba_8b7818bf,1035397,61,29.0,37.0,103.0,1.1564139,4.650453,0.46031746,2.5434792,68.92444,0
6bba_8b7818bf,1035398,61,26.0,144.0,164.0,1.2944959,2.7612543,0.41269842,2.5434792,68.92444,0
6bba_8b7818bf,1035399,61,40.0,39.0,11.0,1.141731,4.9690504,0.63492066,2.5434792,68.92444,1
6bba_8b7818bf,1035400,61,0.0,120.0,94.0,1.0531391,6.3293724,0.0,2.1396742,41.032837,0
6bba_8b7818bf,1035401,61,44.0,121.0,219.0,1.2497761,3.1146247,0.6984127,2.5434792,68.92444,0
6bba_8b7818bf,1035402,61,14.0,63.0,231.0,1.213889,3.118879,0.22222222,2.5434792,68.92444,0
6bba_8b7818bf,1035403,61,32.0,25.0,155.0,1.1103514,3.073673,0.50793654,2.5434792,68.92444,0
6bba_8b7818bf,1035404,61,63.0,0.0,10.0,1.1189057,3.8800123,1.0,1.7994134,24.405151,0
6bba_8b7818bf,1035405,61,8.0,125.0,7.0,1.0871147,4.5359693,0.12698413,2.5401762,68.65625,0
6bba_8b7818bf,1035406,61,19.0,54.0,186.0,0.9883041,4.124405,0.3015873,2.5434792,68.92444,0
6bba_8b7818bf,1035407,61,17.0,65.0,117.0,0.9980407,3.3778462,0.26984128,2.5434792,68.92444,0
6bba_8b7818bf,1035408,61,25.0,60.0,51.0,1.1752982,4.0854425,0.3968254,2.5401762,68.65625,0
6bba_8b7818bf,1035409,61,0.0,103.0,173.0,1.0216868,2.8239956,0.0,2.1396742,41.032837,0
6bba_8b7818bf,1035410,61,11.0,74.0,195.0,0.9612904,6.6318398,0.17460318,2.5434792,68.92444,0
6bba_8b7818bf,1035411,61,11.0,79.0,168.0,0.918329,5.7521195,0.17460318,2.5401762,68.65625,0
6bba_8b7818bf,1035412,61,22.0,150.0,27.0,0.96205306,2.4445891,0.34920636,2.5401762,68.65625,0
6bba_8b7818bf,1035413,61,13.0,174.0,110.0,0.9988948,2.0532339,0.20634921,2.5434792,68.92444,1
6bba_8b7818bf,1035414,61,43.0,9.0,108.0,0.8657862,3.413332,0.6825397,2.5434792,68.92444,0
6bba_8b7818bf,1035415,61,37.0,108.0,51.0,1.0661525,1.9114858,0.5873016,2.5434792,68.92444,0
6bba_8b7818bf,1035416,61,5.0,93.0,188.0,0.8830264,2.9840102,0.07936508,2.5401762,68.65625,0
6bba_8b7818bf,1035417,61,10.0,185.0,109.0,1.0010778,2.129408,0.15873016,2.5434792,68.92444,1
6bba_8b7818bf,1035418,61,26.0,78.0,0.0,0.78834885,7.9131722,0.41269842,2.1396742,41.032837,0
6bba_8b7818bf,1035419,61,11.0,108.0,31.0,0.89778686,3.5826628,0.17460318,2.5401762,68.65625,1
6bba_8b7818bf,1035420,61,21.0,46.0,237.0,0.82984877,3.8425717,0.33333334,2.5434792,68.92444,0
6bba_8b7818bf,1035421,61,52.0,11.0,26.0,0.8445178,3.6490705,0.82539684,2.5434792,68.92444,0
6bba_8b7818bf,1035422,61,35.0,34.0,51.0,1.030352,1.8465548,0.5555556,2.5368643,68.38806,1
6bba_8b7818bf,1035423,61,15.0,107.0,0.0,0.6952806,6.0463586,0.23809524,2.1396742,41.032837,0
6bba_8b7818bf,1035424,61,34.0,52.0,14.0,0.9933232,3.0291228,0.53968257,2.5401762,68.65625,1
6bba_8b7818bf,1035425,61,7.0,103.0,100.0,0.8239436,3.4049256,0.11111111,2.5268764,67.583496,0
6bba_8b7818bf,1035426,61,28.0,31.0,210.0,0.7284668,3.5137887,0.44444445,2.5434792,68.92444,0
6bba_8b7818bf,1035427,61,37.0,13.0,246.0,0.74309474,4.047087,0.5873016,2.5434792,68.92444,0
6bba_8b7818bf,1035428,61,0.0,156.0,0.0,0.6682273,2.9871602,0.0,1.7927979,24.136963,0
6bba_8b7818bf,1035429,61,27.0,152.0,231.0,0.9525036,2.2873394,0.42857143,2.5434792,68.92444,1
6bba_8b7818bf,1035430,61,16.0,83.0,46.0,0.9394329,2.498282,0.25396827,2.5401762,68.65625,0
6bba_8b7818bf,1035431,61,55.0,84.0,79.0,0.9132415,2.213019,0.8730159,2.5434792,68.92444,0
6bba_8b7818bf,1035432,61,23.0,161.0,228.0,0.8488153,1.8197873,0.36507937,2.5434792,68.92444,1
6bba_8b7818bf,1035433,61,11.0,111.0,20.0,0.72812885,2.4394479,0.17460318,2.5201738,67.04712,1
6bba_8b7818bf,1035434,62,40.0,58.0,51.0,2.0157375,3.965185,0.63492066,2.5434792,68.92444,0
6bba_8b7818bf,1035435,62,10.0,84.0,99.0,1.8099642,4.051873,0.15873016,2.5434792,68.92444,0
6bba_8b7818bf,1035436,62,24.0,65.0,31.0,1.9154335,4.5645847,0.3809524,2.5434792,68.92444,0
6bba_8b7818bf,1035437,62,37.0,28.0,56.0,1.7535027,4.6693306,0.5873016,2.5434792,68.92444,0
6bba_8b7818bf,1035438,62,19.0,157.0,210.0,1.8984536,2.3075082,0.3015873,2.5434792,68.92444,0
6bba_8b7818bf,1035439,62,0.0,123.0,78.0,1.369304,3.749689,0.0,2.1396742,41.032837,0
6bba_8b7818bf,1035440,62,31.0,18.0,166.0,1.40698,3.2724617,0.4920635,2.5434792,68.92444,0
6bba_8b7818bf,1035441,62,20.0,88.0,0.0,1.3747046,5.862737,0.31746033,2.1396742,41.032837,0
6bba_8b7818bf,1035442,62,11.0,71.0,139.0,1.3735135,3.3601813,0.17460318,2.5434792,68.92444,0
6bba_8b7818bf,1035443,62,5.0,84.0,255.0,1.7023766,2.2503417,0.07936508,2.125597,40.22827,1
6bba_8b7818bf,1035444,62,32.0,84.0,33.0,1.3144717,3.8488238,0.50793654,2.5401762,68.65625,0
6bba_8b7818bf,1035445,62,42.0,119.0,230.0,1.4753475,2.8847506,0.6666667,2.5434792,68.92444,0
6bba_8b7818bf,1035446,62,10.0,66.0,231.0,1.353282,3.3863668,0.15873016,2.5434792,68.92444,0
6bba_8b7818bf,1035447,62,50.0,0.0,68.0,1.373953,3.1017969,0.7936508,2.1396742,41.032837,0
6bba_8b7818bf,1035448,62,32.0,49.0,16.0,1.3717049,4.6324425,0.50793654,2.5434792,68.92444,0
6bba_8b7818bf,1035449,62,0.0,99.0,210.0,1.2307986,3.5068967,0.0,2.1350024,40.76465,1
6bba_8b7818bf,1035450,62,0.0,100.0,224.0,1.0744653,3.3490846,0.0,2.1350024,40.76465,1
6bba_8b7818bf,1035451,62,22.0,154.0,240.0,1.4037011,2.3019712,0.34920636,2.5434792,68.92444,1
6bba_8b7818bf,1035452,62,26.0,48.0,72.0,1.2620704,3.7414837,0.41269842,2.5434792,68.92444,0
6bba_8b7818bf,1035453,62,17.0,52.0,192.0,1.142238,4.8764067,0.26984128,2.5401762,68.65625,0
6bba_8b7818bf,1035454,62,6.0,81.0,248.0,1.4619708,2.1027436,0.0952381,2.5401762,68.65625,2
6bba_8b7818bf,1035455,62,23.0,143.0,172.0,1.3425038,2.0080948,0.36507937,2.5434792,68.92444,0
6bba_8b7818bf,1035456,62,18.0,45.0,239.0,1.0738705,4.2638173,0.2857143,2.5434792,68.92444,0
6bba_8b7818bf,1035457,62,22.0,145.0,152.0,1.2551149,2.128595,0.34920636,2.5434792,68.92444,0
6bba_8b7818bf,1035458,62,9.0,107.0,34.0,1.1548564,3.5578113,0.14285715,2.5434792,68.92444,0
6bba_8b7818bf,1035459,62,16.0,79.0,47.0,1.2597915,3.202966,0.25396827,2.5434792,68.92444,0
6bba_8b7818bf,1035460,62,7.0,81.0,186.0,1.0593979,3.3159633,0.11111111,2.5401762,68.65625,1
6bba_8b7818bf,1035461,62,28.0,35.0,109.0,0.99904555,3.7655852,0.44444445,2.5434792,68.92444,0
6bba_8b7818bf,1035462,62,37.0,14.0,103.0,0.9946384,3.8055809,0.5873016,2.5434792,68.92444,0
6bba_8b7818bf,1035463,62,6.0,81.0,207.0,1.0499214,4.4329405,0.0952381,2.5434792,68.92444,0
6bba_8b7818bf,1035464,62,18.0,165.0,241.0,1.1318893,1.9708353,0.2857143,2.5401762,68.65625,1
6bba_8b7818bf,1035465,62,48.0,60.0,27.0,0.968698,4.792445,0.7619048,2.5434792,68.92444,0
6bba_8b7818bf,1035466,62,7.0,186.0,126.0,1.1905975,2.0629601,0.11111111,2.5401762,68.65625,0
6bba_8b7818bf,1035467,62,5.0,84.0,236.0,1.2405554,1.9385478,0.07936508,2.5235295,67.31531,1
6bba_8b7818bf,1035468,62,51.0,10.0,27.0,0.9428856,5.0306797,0.8095238,2.5434792,68.92444,0
6bba_8b7818bf,1035469,62,5.0,128.0,19.0,0.99150085,3.2388885,0.07936508,2.4826555,64.097046,0
6bba_8b7818bf,1035470,62,7.0,185.0,111.0,1.1463666,1.9286816,0.11111111,2.5434792,68.92444,0
6bba_8b7818bf,1035471,62,16.0,165.0,42.0,0.9602172,2.4017546,0.25396827,2.5401762,68.65625,1
6bba_8b7818bf,1035472,62,35.0,106.0,69.0,1.0428015,2.017713,0.5555556,2.5434792,68.92444,1
6bba_8b7818bf,1035473,62,35.0,104.0,58.0,1.0679108,1.9731004,0.5555556,2.5434792,68.92444,1
6bba_8b7818bf,1035474,62,10.0,117.0,0.0,0.7855641,7.213298,0.15873016,2.1396742,41.032837,0
6bba_8b7818bf,1035475,62,16.0,167.0,28.0,0.9730914,2.0605345,0.25396827,2.5401762,68.65625,1
6bba_8b7818bf,1035476,62,4.0,90.0,181.0,0.90254563,2.2791307,0.06349207,2.5401762,68.65625,1
6bba_8b7818bf,1035477,62,10.0,90.0,63.0,0.9836823,2.3550503,0.15873016,2.5434792,68.92444,0
6bba_8b7818bf,1035478,62,44.0,34.0,0.0,0.8163414,4.599081,0.6984127,2.1396742,41.032837,0
6bba_8b7818bf,1035479,62,24.0,31.0,199.0,0.7789911,3.3255386,0.3809524,2.5434792,68.92444,0
6bba_8b7818bf,1035480,62,54.0,76.0,88.0,0.9854497,2.1343288,0.85714287,2.5434792,68.92444,0
6bba_8b7818bf,1035481,63,39.0,57.0,53.0,1.8866618,4.312984,0.61904764,2.5434792,68.92444,1
6bba_8b7818bf,1035482,63,19.0,155.0,210.0,2.03496,2.7540498,0.3015873,2.5434792,68.92444,0
6bba_8b7818bf,1035483,63,36.0,31.0,51.0,1.8443991,5.0352173,0.5714286,2.5434792,68.92444,0
6bba_8b7818bf,1035484,63,10.0,84.0,99.0,1.8183856,3.833015,0.15873016,2.5434792,68.92444,0
6bba_8b7818bf,1035485,63,0.0,89.0,255.0,1.9587654,2.3908496,0.0,1.7994134,24.405151,1
6bba_8b7818bf,1035486,63,24.0,66.0,31.0,1.9120678,3.624137,0.3809524,2.5434792,68.92444,1
6bba_8b7818bf,1035487,63,0.0,116.0,90.0,1.4545783,4.2028103,0.0,2.1396742,41.032837,0
6bba_8b7818bf,1035488,63,32.0,16.0,169.0,1.4665288,3.3238456,0.50793654,2.5434792,68.92444,0
6bba_8b7818bf,1035489,63,42.0,115.0,226.0,1.5537075,2.4642935,0.6666667,2.5434792,68.92444,0
6bba_8b7818bf,1035490,63,33.0,73.0,42.0,1.4987669,2.3151345,0.52380955,2.5134354,66.51074,2
6bba_8b7818bf,1035491,63,17.0,50.0,191.0,1.2775433,5.3640246,0.26984128,2.5434792,68.92444,0
6bba_8b7818bf,1035492,63,50.0,0.0,67.0,1.4399338,2.939821,0.7936508,2.1396742,41.032837,1
6bba_8b7818bf,1035493,63,19.0,89.0,0.0,1.3324589,5.2408824,0.3015873,2.1396742,41.032837,0
6bba_8b7818bf,1035494,63,10.0,72.0,143.0,1.390676,3.3100579,0.15873016,2.5434792,68.92444,0
6bba_8b7818bf,1035495,63,31.0,54.0,15.0,1.3734131,5.1265593,0.4920635,2.5434792,68.92444,0
6bba_8b7818bf,1035496,63,21.0,151.0,237.0,1.4714975,2.2926693,0.33333334,2.5401762,68.65625,2
6bba_8b7818bf,1035497,63,10.0,65.0,228.0,1.3265058,3.4946227,0.15873016,2.5434792,68.92444,0
6bba_8b7818bf,1035498,63,0.0,99.0,219.0,1.1624246,3.1442895,0.0,2.1350024,40.76465,1
6bba_8b7818bf,1035499,63,0.0,100.0,230.0,1.1112646,3.060134,0.0,2.1350024,40.76465,1
6bba_8b7818bf,1035500,63,0.0,137.0,18.0,1.160752,4.0424867,0.0,2.1396742,41.032837,1
6bba_8b7818bf,1035501,63,36.0,70.0,47.0,1.4548829,2.652208,0.5714286,2.5434792,68.92444,2
6bba_8b7818bf,1035502,63,24.0,52.0,74.0,1.2412406,3.5949934,0.3809524,2.5434792,68.92444,0
6bba_8b7818bf,1035503,63,24.0,143.0,218.0,1.3723032,1.6951098,0.3809524,2.5434792,68.92444,1
6bba_8b7818bf,1035504,63,23.0,146.0,229.0,1.388726,1.7551832,0.36507937,2.5434792,68.92444,2
6bba_8b7818bf,1035505,63,21.0,143.0,152.0,1.3060548,2.2055175,0.33333334,2.5434792,68.92444,1
6bba_8b7818bf,1035506,63,6.0,81.0,209.0,1.1450238,4.1558285,0.0952381,2.5401762,68.65625,0
6bba_8b7818bf,1035507,63,18.0,44.0,234.0,1.0720804,3.8269498,0.2857143,2.5434792,68.92444,0
6bba_8b7818bf,1035508,63,21.0,144.0,165.0,1.2976927,1.9755019,0.33333334,2.5434792,68.92444,1
6bba_8b7818bf,1035509,63,6.0,80.0,249.0,1.4332218,1.9358895,0.0952381,2.5368643,68.38806,2
6bba_8b7818bf,1035510,63,37.0,14.0,107.0,1.0102575,3.7323396,0.5873016,2.5434792,68.92444,0
6bba_8b7818bf,1035511,63,43.0,36.0,0.0,1.0164856,5.8445907,0.6825397,2.1396742,41.032837,0
6bba_8b7818bf,1035512,63,8.0,108.0,34.0,1.1224583,3.580264,0.12698413,2.5434792,68.92444,0
6bba_8b7818bf,1035513,63,7.0,80.0,187.0,0.9635237,2.9757097,0.11111111,2.5401762,68.65625,1
6bba_8b7818bf,1035514,63,6.0,187.0,127.0,1.2829415,2.1046886,0.0952381,2.5401762,68.65625,0
6bba_8b7818bf,1035515,63,13.0,56.0,255.0,0.8440731,7.7326484,0.20634921,2.1396742,41.032837,0
6bba_8b7818bf,1035516,63,27.0,36.0,109.0,0.9840887,3.6472583,0.42857143,2.5434792,68.92444,0
6bba_8b7818bf,1035517,63,6.0,186.0,112.0,1.2405875,1.9536461,0.0952381,2.5401762,68.65625,0
6bba_8b7818bf,1035518,63,16.0,81.0,43.0,1.1875285,3.4227324,0.25396827,2.5434792,68.92444,0
6bba_8b7818bf,1035519,63,51.0,10.0,24.0,0.9381131,4.501032,0.8095238,2.5434792,68.92444,0
6bba_8b7818bf,1035520,63,0.0,132.0,29.0,0.9793181,2.870877,0.0,2.1396742,41.032837,1
6bba_8b7818bf,1035521,63,29.0,78.0,33.0,1.2842842,1.5489265,0.46031746,2.5434792,68.92444,3
6bba_8b7818bf,1035522,63,18.0,163.0,238.0,1.0690068,1.7934825,0.2857143,2.5434792,68.92444,1
6bba_8b7818bf,1035523,63,30.0,85.0,31.0,0.97169393,1.8356408,0.47619048,2.5368643,68.38806,1
6bba_8b7818bf,1035524,63,9.0,119.0,0.0,0.85861796,8.607802,0.14285715,2.1396742,41.032837,0
6bba_8b7818bf,1035525,63,43.0,10.0,68.0,0.99751097,2.008004,0.6825397,2.5434792,68.92444,1
6bba_8b7818bf,1035526,63,4.0,88.0,184.0,0.9767541,2.7675917,0.06349207,2.5434792,68.92444,1
6bba_8b7818bf,1035527,63,48.0,60.0,35.0,0.84743154,3.3647263,0.7619048,2.5401762,68.65625,0
6bba_8b7818bf,1035528,63,52.0,76.0,87.0,1.0257943,2.0381944,0.82539684,2.5434792,68.92444,0
6bba_8b7818bf,1035529,63,15.0,165.0,41.0,0.93598944,2.1029687,0.23809524,2.5401762,68.65625,1
6bba_8b7818bf,1035530,63,34.0,105.0,66.0,0.9708811,2.0054748,0.53968257,2.5434792,68.92444,0
6bba_8b7818bf,1035531,63,15.0,166.0,27.0,0.9413785,1.9808276,0.23809524,2.5434792,68.92444,1
6bba_8b7818bf,1035532,63,10.0,89.0,62.0,0.9714839,2.1007032,0.15873016,2.5434792,68.92444,0
6bba_8b7818bf,1035533,63,4.0,85.0,235.0,1.0944812,1.681459,0.06349207,2.5335438,68.11987,1
6bba_8b7818bf,1035534,63,24.0,31.0,196.0,0.7625911,3.4845142,0.3809524,2.5434792,68.92444,0
6bba_8b7818bf,1035535,64,9.0,86.0,101.0,1.7636232,4.2347183,0.14285715,2.5434792,68.92444,0
6bba_8b7818bf,1035536,64,35.0,32.0,53.0,1.7349609,4.7307844,0.5555556,2.5434792,68.92444,0
6bba_8b7818bf,1035537,64,18.0,156.0,211.0,1.8708692,2.8800552,0.2857143,2.5434792,68.92444,0
6bba_8b7818bf,1035538,64,38.0,58.0,56.0,1.7790185,4.1260915,0.6031746,2.5434792,68.92444,1
6bba_8b7818bf,1035539,64,0.0,116.0,90.0,1.5254611,4.0670824,0.0,2.1396742,41.032837,0
6bba_8b7818bf,1035540,64,23.0,67.0,35.0,1.8463309,3.9127884,0.36507937,2.5434792,68.92444,1
6bba_8b7818bf,1035541,64,49.0,0.0,67.0,1.6073062,3.3112993,0.7777778,2.1396742,41.032837,1
6bba_8b7818bf,1035542,64,32.0,16.0,169.0,1.4129081,3.0581377,0.50793654,2.5434792,68.92444,1
6bba_8b7818bf,1035543,64,32.0,15.0,176.0,1.3288988,3.4794736,0.50793654,2.5434792,68.92444,1
6bba_8b7818bf,1035544,64,0.0,90.0,255.0,1.6768688,2.128498,0.0,1.7994134,24.405151,1
6bba_8b7818bf,1035545,64,42.0,116.0,226.0,1.6043459,2.3758097,0.6666667,2.5434792,68.92444,0
6bba_8b7818bf,1035546,64,10.0,73.0,140.0,1.4157578,3.154676,0.15873016,2.5434792,68.92444,0
6bba_8b7818bf,1035547,64,17.0,50.0,191.0,1.2816764,5.4403634,0.26984128,2.5434792,68.92444,0
6bba_8b7818bf,1035548,64,36.0,70.0,53.0,1.5107642,2.6158094,0.5714286,2.5434792,68.92444,1
6bba_8b7818bf,1035549,64,19.0,89.0,0.0,1.2940179,3.71663,0.3015873,2.1396742,41.032837,0
6bba_8b7818bf,1035550,64,10.0,65.0,229.0,1.2684141,3.3880417,0.15873016,2.5401762,68.65625,0
6bba_8b7818bf,1035551,64,32.0,78.0,38.0,1.3176777,2.3040473,0.50793654,2.5032594,65.70618,1
6bba_8b7818bf,1035552,64,0.0,99.0,225.0,1.0971034,2.8595023,0.0,2.1350024,40.76465,1
6bba_8b7818bf,1035553,64,21.0,151.0,239.0,1.3659596,2.4417346,0.33333334,2.5434792,68.92444,1
6bba_8b7818bf,1035554,64,31.0,56.0,16.0,1.2727801,4.5453014,0.4920635,2.5434792,68.92444,0
6bba_8b7818bf,1035555,64,0.0,100.0,235.0,1.0712818,2.5542798,0.0,2.1017118,38.88733,1
6bba_8b7818bf,1035556,64,6.0,81.0,211.0,1.1476362,4.183004,0.0952381,2.5335438,68.11987,0
6bba_8b7818bf,1035557,64,0.0,139.0,20.0,1.1103209,4.3938093,0.0,2.1396742,41.032837,1
6bba_8b7818bf,1035558,64,20.0,145.0,152.0,1.2758945,2.202649,0.31746033,2.5434792,68.92444,0
6bba_8b7818bf,1035559,64,23.0,54.0,75.0,1.2056366,3.4206188,0.36507937,2.5434792,68.92444,0
6bba_8b7818bf,1035560,64,21.0,144.0,168.0,1.2929431,2.1412451,0.33333334,2.5434792,68.92444,0
6bba_8b7818bf,1035561,64,18.0,44.0,234.0,1.0511225,3.9166522,0.2857143,2.5434792,68.92444,0
6bba_8b7818bf,1035562,64,36.0,16.0,106.0,1.0675224,3.69867,0.5714286,2.5434792,68.92444,0
6bba_8b7818bf,1035563,64,8.0,109.0,36.0,1.1356524,4.145995,0.12698413,2.5401762,68.65625,0
6bba_8b7818bf,1035564,64,27.0,38.0,107.0,1.013066,3.6488001,0.42857143,2.5434792,68.92444,0
6bba_8b7818bf,1035565,64,13.0,58.0,255.0,0.8215349,7.418163,0.20634921,2.1396742,41.032837,0
6bba_8b7818bf,1035566,64,5.0,188.0,129.0,1.2865998,2.2035134,0.07936508,2.5401762,68.65625,0
6bba_8b7818bf,1035567,64,6.0,82.0,187.0,0.9354871,2.9579644,0.0952381,2.5434792,68.92444,1
6bba_8b7818bf,1035568,64,24.0,143.0,219.0,1.1615196,1.6344337,0.3809524,2.5434792,68.92444,0
6bba_8b7818bf,1035569,64,50.0,11.0,24.0,0.942986,4.2267523,0.7936508,2.5434792,68.92444,0
6bba_8b7818bf,1035570,64,5.0,83.0,248.0,1.3571547,2.10484,0.07936508,2.5401762,68.65625,2
6bba_8b7818bf,1035571,64,51.0,75.0,89.0,1.0964451,2.1313474,0.8095238,2.5434792,68.92444,0
6bba_8b7818bf,1035572,64,5.0,187.0,114.0,1.197206,1.928568,0.07936508,2.5401762,68.65625,0
6bba_8b7818bf,1035573,64,0.0,134.0,30.0,0.9198349,2.9448292,0.0,2.1396742,41.032837,1
6bba_8b7818bf,1035574,64,44.0,34.0,0.0,0.90226,4.698178,0.6984127,2.1396742,41.032837,0
6bba_8b7818bf,1035575,64,8.0,120.0,0.0,0.867018,7.745246,0.12698413,2.1396742,41.032837,0
6bba_8b7818bf,1035576,64,15.0,83.0,42.0,1.1263404,2.9110174,0.23809524,2.5434792,68.92444,0
6bba_8b7818bf,1035577,64,4.0,85.0,236.0,1.1552447,1.8623412,0.06349207,2.5235295,67.31531,1
6bba_8b7818bf,1035578,64,42.0,11.0,69.0,1.0101249,1.9238386,0.6666667,2.5434792,68.92444,1
6bba_8b7818bf,1035579,64,47.0,58.0,39.0,0.8632286,2.8011622,0.74603176,2.5335438,68.11987,0
6bba_8b7818bf,1035580,64,17.0,163.0,241.0,0.9889891,1.8444997,0.26984128,2.5401762,68.65625,1
6bba_8b7818bf,1035581,64,4.0,88.0,187.0,0.95713454,3.339721,0.06349207,2.5434792,68.92444,1
6bba_8b7818bf,1035582,64,14.0,167.0,41.0,0.9441415,2.1765103,0.22222222,2.5434792,68.92444,1
6bba_8b7818bf,1035583,64,34.0,99.0,56.0,1.0350332,1.9104662,0.53968257,2.5434792,68.92444,0
6bba_8b7818bf,1035584,64,15.0,166.0,27.0,0.9282805,2.044225,0.23809524,2.5434792,68.92444,1
6bba_8b7818bf,1035585,64,25.0,30.0,202.0,0.69856685,3.5664284,0.3968254,2.5434792,68.92444,0
6bba_8b7818bf,1035586,64,10.0,90.0,63.0,0.9204984,2.0877204,0.15873016,2.5401762,68.65625,0
6bba_8b7818bf,1035587,65,0.0,116.0,92.0,1.5405812,4.492165,0.0,2.1396742,41.032837,0
6bba_8b7818bf,1035588,65,0.0,87.0,255.0,1.9235929,2.7669134,0.0,1.7994134,24.405151,1
6bba_8b7818bf,1035589,65,38.0,56.0,56.0,1.8523821,4.0884285,0.6031746,2.5434792,68.92444,2
6bba_8b7818bf,1035590,65,35.0,33.0,51.0,1.657834,4.0310526,0.5555556,2.5434792,68.92444,0
6bba_8b7818bf,1035591,65,22.0,69.0,36.0,1.7999259,3.949056,0.34920636,2.5434792,68.92444,1
6bba_8b7818bf,1035592,65,48.0,0.0,67.0,1.6303201,3.3425987,0.7619048,2.1396742,41.032837,1
6bba_8b7818bf,1035593,65,9.0,86.0,102.0,1.5295985,3.6537251,0.14285715,2.5434792,68.92444,0
6bba_8b7818bf,1035594,65,10.0,72.0,143.0,1.4837462,3.1608384,0.15873016,2.5434792,68.92444,0
6bba_8b7818bf,1035595,65,31.0,15.0,171.0,1.4129674,3.1990552,0.4920635,2.5434792,68.92444,2
6bba_8b7818bf,1035596,65,31.0,16.0,166.0,1.4309887,2.9912689,0.4920635,2.5434792,68.92444,2
6bba_8b7818bf,1035597,65,32.0,14.0,176.0,1.3477285,3.496724,0.50793654,2.5401762,68.65625,2
6bba_8b7818bf,1035598,65,18.0,154.0,212.0,1.6206136,2.5445461,0.2857143,2.5434792,68.92444,0
6bba_8b7818bf,1035599,65,40.0,120.0,226.0,1.55231,2.2036252,0.63492066,2.5434792,68.92444,0
6bba_8b7818bf,1035600,65,30.0,56.0,17.0,1.3737738,5.7325754,0.47619048,2.5434792,68.92444,0
6bba_8b7818bf,1035601,65,16.0,51.0,192.0,1.2487669,5.2054863,0.25396827,2.5434792,68.92444,0
6bba_8b7818bf,1035602,65,17.0,45.0,235.0,1.1276923,4.660802,0.26984128,2.5434792,68.92444,0
6bba_8b7818bf,1035603,65,20.0,151.0,240.0,1.3194635,2.7614267,0.31746033,2.5434792,68.92444,1
6bba_8b7818bf,1035604,65,19.0,144.0,153.0,1.3055754,2.178583,0.3015873,2.5434792,68.92444,1
6bba_8b7818bf,1035605,65,22.0,56.0,77.0,1.2131172,3.2362099,0.34920636,2.5434792,68.92444,0
6bba_8b7818bf,1035606,65,35.0,17.0,106.0,1.1050628,3.759668,0.5555556,2.5434792,68.92444,0
6bba_8b7818bf,1035607,65,19.0,145.0,165.0,1.3003416,2.0058367,0.3015873,2.5434792,68.92444,2
6bba_8b7818bf,1035608,65,20.0,144.0,169.0,1.2840923,2.1018083,0.31746033,2.5434792,68.92444,1
6bba_8b7818bf,1035609,65,18.0,91.0,5.0,1.2040472,6.007074,0.2857143,2.5434792,68.92444,0
6bba_8b7818bf,1035610,65,0.0,100.0,225.0,0.93074346,3.0754006,0.0,2.1017118,38.88733,0
6bba_8b7818bf,1035611,65,9.0,65.0,229.0,1.1898851,3.2195568,0.14285715,2.5434792,68.92444,0
6bba_8b7818bf,1035612,65,11.0,59.0,255.0,0.8951103,9.636488,0.17460318,2.1396742,41.032837,0
6bba_8b7818bf,1035613,65,35.0,68.0,56.0,1.3986318,2.158369,0.5555556,2.5401762,68.65625,1
6bba_8b7818bf,1035614,65,5.0,82.0,211.0,1.120344,4.3121443,0.07936508,2.5401762,68.65625,0
6bba_8b7818bf,1035615,65,0.0,140.0,22.0,1.0256144,3.9769635,0.0,2.1350024,40.76465,0
6bba_8b7818bf,1035616,65,30.0,76.0,39.0,1.1893463,1.4794471,0.47619048,2.5302145,67.851685,1
6bba_8b7818bf,1035617,65,26.0,39.0,106.0,1.0083393,3.670589,0.41269842,2.5434792,68.92444,0
6bba_8b7818bf,1035618,65,7.0,111.0,35.0,1.1143019,3.9198213,0.11111111,2.5434792,68.92444,0
6bba_8b7818bf,1035619,65,6.0,82.0,189.0,0.9494986,3.070204,0.0952381,2.5401762,68.65625,1
6bba_8b7818bf,1035620,65,4.0,188.0,132.0,1.2802926,2.2031028,0.06349207,2.5434792,68.92444,0
6bba_8b7818bf,1035621,65,15.0,85.0,40.0,1.165945,3.4936945,0.23809524,2.5434792,68.92444,0
6bba_8b7818bf,1035622,65,0.0,87.0,241.0,1.2818589,1.6432204,0.0,2.1396742,41.032837,1
6bba_8b7818bf,1035623,65,0.0,91.0,187.0,0.9721071,2.4545476,0.0,2.1396742,41.032837,1
6bba_8b7818bf,1035624,65,49.0,12.0,24.0,0.9357702,3.3797112,0.7777778,2.5434792,68.92444,1
6bba_8b7818bf,1035625,65,4.0,188.0,115.0,1.2108246,1.9518335,0.06349207,2.5434792,68.92444,0
6bba_8b7818bf,1035626,65,8.0,122.0,0.0,0.87424433,5.4707146,0.12698413,2.1396742,41.032837,0
6bba_8b7818bf,1035627,65,43.0,59.0,44.0,1.0151851,1.5854203,0.6825397,2.5401762,68.65625,1
6bba_8b7818bf,1035628,65,51.0,75.0,85.0,1.0681391,2.1038616,0.8095238,2.5434792,68.92444,0
6bba_8b7818bf,1035629,65,43.0,35.0,0.0,0.83565,5.4315686,0.6825397,2.1396742,41.032837,0
6bba_8b7818bf,1035630,65,32.0,95.0,58.0,1.0887085,1.8825312,0.50793654,2.5434792,68.92444,1
6bba_8b7818bf,1035631,65,32.0,100.0,67.0,1.012929,1.8326766,0.50793654,2.5434792,68.92444,1
6bba_8b7818bf,1035632,65,41.0,12.0,70.0,0.9480371,1.9164199,0.6507937,2.5434792,68.92444,1
6bba_8b7818bf,1035633,65,49.0,24.0,26.0,0.7269552,2.870102,0.7777778,2.5434792,68.92444,1
6bba_8b7818bf,1035634,65,13.0,167.0,38.0,0.8626532,2.1232324,0.20634921,2.5434792,68.92444,1
6bba_8b7818bf,1035635,65,16.0,164.0,240.0,0.8765596,1.8615816,0.25396827,2.5434792,68.92444,1
6bba_8b7818bf,1035636,65,15.0,164.0,24.0,0.846541,2.001635,0.23809524,2.5401762,68.65625,1
6bba_8b7818bf,1035637,65,24.0,30.0,202.0,0.6974389,3.3579993,0.3809524,2.5434792,68.92444,0
6bba_8b7818bf,1035638,66,22.0,68.0,39.0,1.9830521,4.3527794,0.34920636,2.5434792,68.92444,0
6bba_8b7818bf,1035639,66,38.0,56.0,58.0,1.9803939,3.8384204,0.6031746,2.5401762,68.65625,2
6bba_8b7818bf,1035640,66,0.0,115.0,97.0,1.544064,4.5301824,0.0,2.1396742,41.032837,0
6bba_8b7818bf,1035641,66,9.0,86.0,104.0,1.6443024,3.9656305,0.14285715,2.5434792,68.92444,0
6bba_8b7818bf,1035642,66,34.0,35.0,54.0,1.5926225,3.958808,0.53968257,2.5434792,68.92444,0
6bba_8b7818bf,1035643,66,31.0,16.0,169.0,1.4592079,2.9701536,0.4920635,2.5434792,68.92444,1
6bba_8b7818bf,1035644,66,19.0,89.0,0.0,1.5431356,3.4051616,0.3015873,2.1396742,41.032837,0
6bba_8b7818bf,1035645,66,48.0,0.0,69.0,1.5600969,2.7025976,0.7619048,2.1396742,41.032837,0
6bba_8b7818bf,1035646,66,32.0,14.0,179.0,1.3106767,3.2731922,0.50793654,2.5434792,68.92444,1
6bba_8b7818bf,1035647,66,17.0,155.0,213.0,1.5094993,2.3629336,0.26984128,2.5434792,68.92444,0
6bba_8b7818bf,1035648,66,9.0,74.0,144.0,1.3676221,2.9250083,0.14285715,2.5434792,68.92444,0
6bba_8b7818bf,1035649,66,43.0,112.0,228.0,1.5032152,2.1120868,0.6825397,2.5434792,68.92444,0
6bba_8b7818bf,1035650,66,30.0,58.0,17.0,1.2821604,5.1565967,0.47619048,2.5401762,68.65625,0
6bba_8b7818bf,1035651,66,35.0,18.0,107.0,1.1425211,3.9410098,0.5555556,2.5434792,68.92444,0
6bba_8b7818bf,1035652,66,17.0,50.0,192.0,1.1019986,4.793091,0.26984128,2.5434792,68.92444,0
6bba_8b7818bf,1035653,66,19.0,143.0,157.0,1.2900158,2.2780373,0.3015873,2.5434792,68.92444,0
6bba_8b7818bf,1035654,66,0.0,88.0,255.0,1.4327245,1.8617392,0.0,1.7994134,24.405151,1
6bba_8b7818bf,1035655,66,22.0,56.0,80.0,1.127875,2.7887354,0.34920636,2.5434792,68.92444,1
6bba_8b7818bf,1035656,66,18.0,44.0,238.0,1.0399837,4.7558737,0.2857143,2.5434792,68.92444,0
6bba_8b7818bf,1035657,66,34.0,69.0,62.0,1.3696817,2.0889912,0.53968257,2.5434792,68.92444,2
6bba_8b7818bf,1035658,66,9.0,65.0,232.0,1.1573639,3.1952431,0.14285715,2.5434792,68.92444,0
6bba_8b7818bf,1035659,66,20.0,150.0,240.0,1.228339,2.5581396,0.31746033,2.5434792,68.92444,0
6bba_8b7818bf,1035660,66,50.0,13.0,23.0,1.0506475,4.4681587,0.7936508,2.5434792,68.92444,1
6bba_8b7818bf,1035661,66,5.0,83.0,213.0,1.0802187,5.110674,0.07936508,2.5401762,68.65625,0
6bba_8b7818bf,1035662,66,0.0,100.0,227.0,0.82746476,3.1425364,0.0,2.057296,36.473633,1
6bba_8b7818bf,1035663,66,22.0,59.0,71.0,1.2791007,2.8012311,0.34920636,2.5434792,68.92444,1
6bba_8b7818bf,1035664,66,42.0,58.0,43.0,1.0879004,2.150459,0.6666667,2.5401762,68.65625,0
6bba_8b7818bf,1035665,66,44.0,34.0,0.0,0.9557212,6.1788917,0.6984127,2.1396742,41.032837,0
6bba_8b7818bf,1035666,66,26.0,39.0,109.0,0.9363548,3.4854546,0.41269842,2.5434792,68.92444,0
6bba_8b7818bf,1035667,66,8.0,110.0,37.0,1.0327177,3.5699565,0.12698413,2.5335438,68.11987,0
6bba_8b7818bf,1035668,66,6.0,82.0,191.0,0.9008102,3.0990157,0.0952381,2.5401762,68.65625,1
6bba_8b7818bf,1035669,66,4.0,188.0,134.0,1.2647513,2.1289372,0.06349207,2.5434792,68.92444,0
6bba_8b7818bf,1035670,66,8.0,121.0,0.0,0.99031115,3.6775904,0.12698413,2.1396742,41.032837,0
6bba_8b7818bf,1035671,66,15.0,85.0,40.0,1.1183208,3.482603,0.23809524,2.5434792,68.92444,0
6bba_8b7818bf,1035672,66,50.0,9.0,33.0,0.8956587,3.0102165,0.7936508,2.5434792,68.92444,1
6bba_8b7818bf,1035673,66,0.0,140.0,25.0,0.8434134,3.5578966,0.0,2.1350024,40.76465,1
6bba_8b7818bf,1035674,66,0.0,92.0,191.0,0.92622507,2.3659306,0.0,2.1396742,41.032837,1
6bba_8b7818bf,1035675,66,32.0,95.0,62.0,1.1452751,1.9091387,0.50793654,2.5434792,68.92444,0
6bba_8b7818bf,1035676,66,4.0,187.0,119.0,1.1949544,1.8975986,0.06349207,2.5401762,68.65625,0
6bba_8b7818bf,1035677,66,31.0,65.0,52.0,1.264016,1.2001921,0.4920635,2.5201738,67.04712,2
6bba_8b7818bf,1035678,66,0.0,137.0,33.0,0.80292434,3.4372063,0.0,2.1350024,40.76465,1
6bba_8b7818bf,1035679,66,5.0,81.0,255.0,1.1376077,1.424609,0.07936508,2.092004,38.350952,1
6bba_8b7818bf,1035680,66,24.0,30.0,200.0,0.8188652,3.7072916,0.3809524,2.5434792,68.92444,0
6bba_8b7818bf,1035681,66,11.0,60.0,255.0,0.64001656,5.7006707,0.17460318,2.1396742,41.032837,0
6bba_8b7818bf,1035682,66,50.0,73.0,86.0,1.0451078,2.0916748,0.7936508,2.5434792,68.92444,0
6bba_8b7818bf,1035683,66,0.0,101.0,240.0,0.7177882,1.601139,0.0,2.010875,34.059937,1
6bba_8b7818bf,1035684,66,40.0,13.0,72.0,0.92506987,2.013791,0.63492066,2.5434792,68.92444,0
6bba_8b7818bf,1035685,67,38.0,55.0,60.0,1.9030982,3.5173476,0.6031746,2.5434792,68.92444,1
6bba_8b7818bf,1035686,67,0.0,115.0,102.0,1.478505,4.1321583,0.0,2.1350024,40.76465,0
6bba_8b7818bf,1035687,67,15.0,96.0,6.0,1.7719579,4.9158225,0.23809524,2.5434792,68.92444,0
6bba_8b7818bf,1035688,67,0.0,90.0,255.0,1.7997472,2.793567,0.0,1.7994134,24.405151,1
6bba_8b7818bf,1035689,67,48.0,0.0,67.0,1.6855533,2.9681506,0.7619048,2.1396742,41.032837,0
6bba_8b7818bf,1035690,67,30.0,17.0,179.0,1.460345,3.5356503,0.47619048,2.5434792,68.92444,0
6bba_8b7818bf,1035691,67,21.0,69.0,41.0,1.6427541,3.9788709,0.33333334,2.5434792,68.92444,1
6bba_8b7818bf,1035692,67,42.0,36.0,0.0,1.4283961,6.5697093,0.6666667,2.1396742,41.032837,0
6bba_8b7818bf,1035693,67,8.0,89.0,106.0,1.5023018,3.122922,0.12698413,2.5401762,68.65625,0
6bba_8b7818bf,1035694,67,41.0,112.0,227.0,1.517423,2.3663988,0.6507937,2.5434792,68.92444,0
6bba_8b7818bf,1035695,67,18.0,152.0,216.0,1.540034,2.4502432,0.2857143,2.5434792,68.92444,0
6bba_8b7818bf,1035696,67,16.0,52.0,193.0,1.2380711,4.980521,0.25396827,2.5434792,68.92444,0
6bba_8b7818bf,1035697,67,29.0,58.0,18.0,1.3337125,5.737299,0.46031746,2.5434792,68.92444,0
6bba_8b7818bf,1035698,67,33.0,37.0,54.0,1.4689583,3.6442862,0.52380955,2.5434792,68.92444,0
6bba_8b7818bf,1035699,67,8.0,75.0,148.0,1.3783453,2.9414282,0.12698413,2.5434792,68.92444,0
6bba_8b7818bf,1035700,67,42.0,53.0,41.0,1.2340477,3.67354,0.6666667,2.5401762,68.65625,0
6bba_8b7818bf,1035701,67,48.0,15.0,27.0,1.1568522,4.6307726,0.7619048,2.5434792,68.92444,0
6bba_8b7818bf,1035702,67,34.0,21.0,105.0,1.1014777,3.8350976,0.53968257,2.5401762,68.65625,0
6bba_8b7818bf,1035703,67,0.0,192.0,137.0,1.3445565,1.9651945,0.0,2.1396742,41.032837,1
6bba_8b7818bf,1035704,67,18.0,144.0,169.0,1.3074889,2.3527029,0.2857143,2.5434792,68.92444,1
6bba_8b7818bf,1035705,67,18.0,143.0,158.0,1.2739491,2.2995815,0.2857143,2.5434792,68.92444,1
6bba_8b7818bf,1035706,67,18.0,45.0,240.0,1.0256983,4.568766,0.2857143,2.5434792,68.92444,0
6bba_8b7818bf,1035707,67,32.0,67.0,61.0,1.4455755,2.010379,0.50793654,2.5434792,68.92444,2
6bba_8b7818bf,1035708,67,0.0,192.0,127.0,1.3272806,1.6918126,0.0,2.1396742,41.032837,2
6bba_8b7818bf,1035709,67,0.0,93.0,197.0,1.0247246,2.671835,0.0,2.1396742,41.032837,1
6bba_8b7818bf,1035710,67,22.0,57.0,80.0,1.0953262,2.51414,0.34920636,2.5401762,68.65625,0
6bba_8b7818bf,1035711,67,19.0,151.0,243.0,1.1328894,2.4076183,0.3015873,2.5434792,68.92444,0
6bba_8b7818bf,1035712,67,28.0,69.0,54.0,1.3203906,1.6776177,0.44444445,2.5335438,68.11987,2
6bba_8b7818bf,1035713,67,24.0,42.0,113.0,0.9365878,3.4751067,0.3809524,2.5434792,68.92444,0
6bba_8b7818bf,1035714,67,9.0,66.0,234.0,1.0109196,3.0367475,0.14285715,2.5434792,68.92444,0
6bba_8b7818bf,1035715,67,5.0,84.0,193.0,0.8738286,2.7636492,0.07936508,2.5401762,68.65625,1
6bba_8b7818bf,1035716,67,4.0,84.0,215.0,1.041902,4.8594823,0.06349207,2.5434792,68.92444,0
6bba_8b7818bf,1035717,67,4.0,83.0,255.0,1.2491025,1.5657847,0.06349207,2.13031,40.49646,1
6bba_8b7818bf,1035718,67,23.0,33.0,201.0,0.87121624,3.7893095,0.36507937,2.5401762,68.65625,0
6bba_8b7818bf,1035719,67,30.0,100.0,62.0,1.1602044,1.9005448,0.47619048,2.5434792,68.92444,0
6bba_8b7818bf,1035720,67,6.0,113.0,38.0,1.0141257,3.409822,0.0952381,2.5434792,68.92444,0
6bba_8b7818bf,1035721,67,40.0,14.0,75.0,0.944169,2.7219472,0.63492066,2.5434792,68.92444,0
6bba_8b7818bf,1035722,67,13.0,87.0,41.0,1.0242825,3.426925,0.20634921,2.5434792,68.92444,0
6bba_8b7818bf,1035723,67,7.0,123.0,5.0,1.0180168,3.4282024,0.11111111,2.5434792,68.92444,0
6bba_8b7818bf,1035724,67,0.0,140.0,30.0,0.7253214,3.4696703,0.0,2.0317688,35.13269,0
6bba_8b7818bf,1035725,67,49.0,72.0,85.0,1.0175508,2.0473454,0.7777778,2.5434792,68.92444,1
6bba_8b7818bf,1035726,67,48.0,73.0,91.0,0.9820792,2.1403246,0.7619048,2.5434792,68.92444,1
6bba_8b7818bf,1035727,67,63.0,0.0,8.0,0.76845694,4.829014,1.0,1.7994134,24.405151,0
6bba_8b7818bf,1035728,67,0.0,102.0,232.0,0.6103746,2.5606725,0.0,2.0317688,35.13269,0
6bba_8b7818bf,1035729,67,51.0,17.0,0.0,0.758776,5.5273695,0.8095238,2.1396742,41.032837,0
6bba_8b7818bf,1035730,67,0.0,97.0,142.0,0.8622311,2.1463168,0.0,2.1396742,41.032837,0
6bba_8b7818bf,1035731,67,6.0,179.0,128.0,1.0118603,1.4345306,0.0952381,2.5401762,68.65625,1
6bba_8b7818bf,1035732,67,13.0,159.0,44.0,0.831091,2.0171216,0.20634921,2.5434792,68.92444,0
6bba_8b7818bf,1035733,67,8.0,93.0,67.0,0.9319889,2.2421975,0.12698413,2.5434792,68.92444,0
6bba_8b7818bf,1035734,68,0.0,91.0,255.0,2.1919723,3.5035975,0.0,1.7994134,24.405151,0
6bba_8b7818bf,1035735,68,48.0,0.0,63.0,1.7954448,3.2771814,0.7619048,2.1396742,41.032837,0
6bba_8b7818bf,1035736,68,14.0,99.0,2.0,1.7219357,4.573205,0.22222222,2.4687274,63.024292,1
6bba_8b7818bf,1035737,68,20.0,73.0,37.0,1.6433706,4.3615985,0.31746033,2.5434792,68.92444,0
6bba_8b7818bf,1035738,68,38.0,56.0,61.0,1.570724,3.310876,0.6031746,2.5434792,68.92444,1
6bba_8b7818bf,1035739,68,5.0,98.0,103.0,1.5491588,3.4848068,0.07936508,2.5401762,68.65625,0
6bba_8b7818bf,1035740,68,17.0,152.0,214.0,1.5670522,2.5213192,0.26984128,2.5434792,68.92444,0
6bba_8b7818bf,1035741,68,29.0,18.0,178.0,1.3320271,3.18568,0.46031746,2.5434792,68.92444,0
6bba_8b7818bf,1035742,68,0.0,116.0,100.0,1.0763448,3.5005314,0.0,2.0623262,36.74182,0
6bba_8b7818bf,1035743,68,40.0,53.0,40.0,1.3047488,3.7453363,0.63492066,2.5434792,68.92444,0
6bba_8b7818bf,1035744,68,40.0,113.0,224.0,1.4672686,2.561486,0.63492066,2.5434792,68.92444,0
6bba_8b7818bf,1035745,68,15.0,52.0,194.0,1.210779,5.3750668,0.23809524,2.5434792,68.92444,0
6bba_8b7818bf,1035746,68,8.0,76.0,147.0,1.3606713,2.921698,0.12698413,2.5434792,68.92444,0
6bba_8b7818bf,1035747,68,0.0,193.0,134.0,1.340997,2.0508096,0.0,2.1396742,41.032837,0
6bba_8b7818bf,1035748,68,33.0,38.0,51.0,1.3615161,3.3199668,0.52380955,2.5434792,68.92444,0
6bba_8b7818bf,1035749,68,47.0,15.0,27.0,1.1432747,4.2011433,0.74603176,2.5434792,68.92444,0
6bba_8b7818bf,1035750,68,33.0,20.0,107.0,1.0973402,3.7822053,0.52380955,2.5434792,68.92444,0
6bba_8b7818bf,1035751,68,18.0,143.0,169.0,1.2859237,2.3680685,0.2857143,2.5434792,68.92444,0
6bba_8b7818bf,1035752,68,18.0,141.0,154.0,1.2688661,2.2666643,0.2857143,2.5434792,68.92444,0
6bba_8b7818bf,1035753,68,0.0,92.0,195.0,1.061915,4.0609565,0.0,2.1396742,41.032837,0
6bba_8b7818bf,1035754,68,42.0,36.0,0.0,1.0860106,6.224176,0.6666667,2.1396742,41.032837,0
6bba_8b7818bf,1035755,68,28.0,60.0,17.0,1.1389772,4.8567457,0.44444445,2.5434792,68.92444,0
6bba_8b7818bf,1035756,68,21.0,61.0,76.0,1.3035247,3.131612,0.33333334,2.5434792,68.92444,1
6bba_8b7818bf,1035757,68,16.0,47.0,240.0,1.0017308,4.4207945,0.25396827,2.5434792,68.92444,0
6bba_8b7818bf,1035758,68,9.0,66.0,255.0,0.89779526,4.9932346,0.14285715,2.1396742,41.032837,0
6bba_8b7818bf,1035759,68,27.0,70.0,54.0,1.2140032,2.1754985,0.42857143,2.5434792,68.92444,2
6bba_8b7818bf,1035760,68,32.0,67.0,62.0,1.3674395,2.240406,0.50793654,2.5434792,68.92444,3
6bba_8b7818bf,1035761,68,19.0,92.0,0.0,1.0936742,1.2318268,0.3015873,2.120863,39.960083,1
6bba_8b7818bf,1035762,68,20.0,67.0,65.0,1.2117928,1.9184927,0.31746033,2.5434792,68.92444,3
6bba_8b7818bf,1035763,68,29.0,101.0,58.0,1.1833771,1.9672512,0.46031746,2.5434792,68.92444,0
6bba_8b7818bf,1035764,68,6.0,126.0,0.0,1.1107199,2.9678178,0.0952381,2.1350024,40.76465,0
6bba_8b7818bf,1035765,68,12.0,89.0,41.0,1.0729116,3.8793008,0.1904762,2.5434792,68.92444,0
6bba_8b7818bf,1035766,68,24.0,43.0,111.0,0.8644617,3.9887662,0.3809524,2.5434792,68.92444,0
6bba_8b7818bf,1035767,68,5.0,82.0,213.0,0.9420088,3.9594069,0.07936508,2.5401762,68.65625,0
6bba_8b7818bf,1035768,68,19.0,151.0,243.0,1.0155916,2.3246248,0.3015873,2.5434792,68.92444,0
6bba_8b7818bf,1035769,68,8.0,67.0,233.0,0.9405702,2.8214264,0.12698413,2.5434792,68.92444,0
6bba_8b7818bf,1035770,68,6.0,116.0,32.0,1.0143448,2.96271,0.0952381,2.5401762,68.65625,0
6bba_8b7818bf,1035771,69,0.0,91.0,255.0,2.1919723,3.5035975,0.0,1.7994134,24.405151,0
6bba_8b7818bf,1035772,69,48.0,0.0,63.0,1.7954448,3.2771814,0.7619048,2.1396742,41.032837,0
6bba_8b7818bf,1035773,69,14.0,99.0,2.0,1.7219357,4.573205,0.22222222,2.4687274,63.024292,1
6bba_8b7818bf,1035774,69,20.0,73.0,37.0,1.6433706,4.3615985,0.31746033,2.5434792,68.92444,0
6bba_8b7818bf,1035775,69,38.0,56.0,61.0,1.570724,3.310876,0.6031746,2.5434792,68.92444,1
6bba_8b7818bf,1035776,69,5.0,98.0,103.0,1.5491588,3.4848068,0.07936508,2.5401762,68.65625,0
6bba_8b7818bf,1035777,69,17.0,152.0,214.0,1.5670522,2.5213192,0.26984128,2.5434792,68.92444,0
6bba_8b7818bf,1035778,69,29.0,18.0,178.0,1.3320271,3.18568,0.46031746,2.5434792,68.92444,0
6bba_8b7818bf,1035779,69,0.0,116.0,100.0,1.0763448,3.5005314,0.0,2.0623262,36.74182,0
6bba_8b7818bf,1035780,69,40.0,53.0,40.0,1.3047488,3.7453363,0.63492066,2.5434792,68.92444,0
6bba_8b7818bf,1035781,69,40.0,113.0,224.0,1.4672686,2.561486,0.63492066,2.5434792,68.92444,0
6bba_8b7818bf,1035782,69,15.0,52.0,194.0,1.210779,5.3750668,0.23809524,2.5434792,68.92444,0
6bba_8b7818bf,1035783,69,8.0,76.0,147.0,1.3606713,2.921698,0.12698413,2.5434792,68.92444,0
6bba_8b7818bf,1035784,69,0.0,193.0,134.0,1.340997,2.0508096,0.0,2.1396742,41.032837,0
6bba_8b7818bf,1035785,69,33.0,38.0,51.0,1.3615161,3.3199668,0.52380955,2.5434792,68.92444,0
6bba_8b7818bf,1035786,69,47.0,15.0,27.0,1.1432747,4.2011433,0.74603176,2.5434792,68.92444,0
6bba_8b7818bf,1035787,69,33.0,20.0,107.0,1.0973402,3.7822053,0.52380955,2.5434792,68.92444,0
6bba_8b7818bf,1035788,69,18.0,143.0,169.0,1.2859237,2.3680685,0.2857143,2.5434792,68.92444,0
6bba_8b7818bf,1035789,69,18.0,141.0,154.0,1.2688661,2.2666643,0.2857143,2.5434792,68.92444,0
6bba_8b7818bf,1035790,69,0.0,92.0,195.0,1.061915,4.0609565,0.0,2.1396742,41.032837,0
6bba_8b7818bf,1035791,69,42.0,36.0,0.0,1.0860106,6.224176,0.6666667,2.1396742,41.032837,0
6bba_8b7818bf,1035792,69,28.0,60.0,17.0,1.1389772,4.8567457,0.44444445,2.5434792,68.92444,0
6bba_8b7818bf,1035793,69,21.0,61.0,76.0,1.3035247,3.131612,0.33333334,2.5434792,68.92444,1
6bba_8b7818bf,1035794,69,16.0,47.0,240.0,1.0017308,4.4207945,0.25396827,2.5434792,68.92444,0
6bba_8b7818bf,1035795,69,9.0,66.0,255.0,0.89779526,4.9932346,0.14285715,2.1396742,41.032837,0
6bba_8b7818bf,1035796,69,27.0,70.0,54.0,1.2140032,2.1754985,0.42857143,2.5434792,68.92444,2
6bba_8b7818bf,1035797,69,32.0,67.0,62.0,1.3674395,2.240406,0.50793654,2.5434792,68.92444,3
6bba_8b7818bf,1035798,69,19.0,92.0,0.0,1.0936742,1.2318268,0.3015873,2.120863,39.960083,1
6bba_8b7818bf,1035799,69,20.0,67.0,65.0,1.2117928,1.9184927,0.31746033,2.5434792,68.92444,3
6bba_8b7818bf,1035800,69,29.0,101.0,58.0,1.1833771,1.9672512,0.46031746,2.5434792,68.92444,0
6bba_8b7818bf,1035801,69,6.0,126.0,0.0,1.1107199,2.9678178,0.0952381,2.1350024,40.76465,0
6bba_8b7818bf,1035802,69,12.0,89.0,41.0,1.0729116,3.8793008,0.1904762,2.5434792,68.92444,0
6bba_8b7818bf,1035803,69,24.0,43.0,111.0,0.8644617,3.9887662,0.3809524,2.5434792,68.92444,0
6bba_8b7818bf,1035804,69,5.0,82.0,213.0,0.9420088,3.9594069,0.07936508,2.5401762,68.65625,0
6bba_8b7818bf,1035805,69,19.0,151.0,243.0,1.0155916,2.3246248,0.3015873,2.5434792,68.92444,0
6bba_8b7818bf,1035806,69,8.0,67.0,233.0,0.9405702,2.8214264,0.12698413,2.5434792,68.92444,0
6bba_8b7818bf,1035807,69,6.0,116.0,32.0,1.0143448,2.96271,0.0952381,2.5401762,68.65625,0
6bba_8b7818bf,1035808,70,12.0,101.0,1.0,1.8383899,4.231536,0.1904762,2.3316977,53.10132,0
6bba_8b7818bf,1035809,70,18.0,75.0,37.0,1.6159825,4.171577,0.2857143,2.5434792,68.92444,0
6bba_8b7818bf,1035810,70,0.0,104.0,103.0,1.5328256,2.811638,0.0,2.1396742,41.032837,0
6bba_8b7818bf,1035811,70,46.0,5.0,56.0,1.5031329,3.6214435,0.73015875,2.5434792,68.92444,1
6bba_8b7818bf,1035812,70,0.0,91.0,255.0,1.3990611,2.5370584,0.0,1.7927979,24.136963,1
6bba_8b7818bf,1035813,70,47.0,0.0,61.0,1.4527524,2.31652,0.74603176,2.1396742,41.032837,1
6bba_8b7818bf,1035814,70,37.0,114.0,225.0,1.4847099,2.4202454,0.5873016,2.5434792,68.92444,0
6bba_8b7818bf,1035815,70,36.0,53.0,63.0,1.4633776,3.584123,0.5714286,2.5434792,68.92444,1
6bba_8b7818bf,1035816,70,45.0,18.0,27.0,1.2350204,4.2105727,0.71428573,2.5434792,68.92444,0
6bba_8b7818bf,1035817,70,28.0,20.0,170.0,1.2664822,2.919776,0.44444445,2.5434792,68.92444,2
6bba_8b7818bf,1035818,70,29.0,18.0,174.0,1.2335498,2.96445,0.46031746,2.5434792,68.92444,2
6bba_8b7818bf,1035819,70,27.0,58.0,18.0,1.2279462,5.79855,0.42857143,2.5434792,68.92444,0
6bba_8b7818bf,1035820,70,30.0,42.0,51.0,1.4339753,2.8138196,0.47619048,2.5434792,68.92444,1
6bba_8b7818bf,1035821,70,29.0,64.0,70.0,1.4327196,2.170973,0.46031746,2.5235295,67.31531,4
6bba_8b7818bf,1035822,70,0.0,89.0,245.0,1.3033539,2.5732756,0.0,2.1396742,41.032837,1
6bba_8b7818bf,1035823,70,15.0,141.0,154.0,1.2727115,2.854781,0.23809524,2.5434792,68.92444,0
6bba_8b7818bf,1035824,70,30.0,16.0,180.0,1.0733408,2.871286,0.47619048,2.5401762,68.65625,2
6bba_8b7818bf,1035825,70,32.0,21.0,104.0,1.1287656,3.7351556,0.50793654,2.5434792,68.92444,0
6bba_8b7818bf,1035826,70,12.0,159.0,212.0,1.2729124,2.546139,0.1904762,2.5434792,68.92444,0
6bba_8b7818bf,1035827,70,39.0,51.0,45.0,1.1875285,2.2261977,0.61904764,2.5401762,68.65625,1
6bba_8b7818bf,1035828,70,15.0,143.0,171.0,1.2514751,2.6311662,0.23809524,2.5401762,68.65625,0
6bba_8b7818bf,1035829,70,18.0,148.0,224.0,1.3015838,2.4781542,0.2857143,2.5434792,68.92444,0
6bba_8b7818bf,1035830,70,17.0,69.0,68.0,1.3781809,2.2482285,0.26984128,2.5434792,68.92444,3
6bba_8b7818bf,1035831,70,25.0,67.0,61.0,1.3607717,2.0800533,0.3968254,2.5434792,68.92444,2
6bba_8b7818bf,1035832,70,14.0,50.0,239.0,0.93210304,3.9600985,0.22222222,2.5434792,68.92444,0
6bba_8b7818bf,1035833,70,14.0,53.0,194.0,0.9378162,4.315696,0.22222222,2.5434792,68.92444,0
6bba_8b7818bf,1035834,70,7.0,78.0,141.0,1.1058668,2.5443923,0.11111111,2.5434792,68.92444,1
6bba_8b7818bf,1035835,70,7.0,77.0,150.0,1.0843564,2.6176069,0.11111111,2.5434792,68.92444,1
6bba_8b7818bf,1035836,70,22.0,45.0,109.0,0.9105195,4.235137,0.34920636,2.5434792,68.92444,0
6bba_8b7818bf,1035837,70,41.0,36.0,0.0,0.9633005,5.502613,0.6507937,2.1396742,41.032837,0
6bba_8b7818bf,1035838,70,18.0,66.0,75.0,1.2490455,1.9907372,0.2857143,2.5434792,68.92444,2
6bba_8b7818bf,1035839,70,0.0,86.0,215.0,0.9322317,3.9975123,0.0,2.1396742,41.032837,0
6bba_8b7818bf,1035840,70,0.0,187.0,140.0,1.0220014,1.8072807,0.0,2.1396742,41.032837,0
6bba_8b7818bf,1035841,70,27.0,95.0,59.0,1.2117426,1.7681834,0.42857143,2.5434792,68.92444,0
6bba_8b7818bf,1035842,70,0.0,93.0,197.0,0.7953681,5.0284977,0.0,2.1396742,41.032837,0
6bba_8b7818bf,1035843,70,0.0,188.0,125.0,1.0637945,1.5689105,0.0,2.1396742,41.032837,0
6bba_8b7818bf,1035844,70,21.0,33.0,211.0,0.8075894,4.4327774,0.33333334,2.5434792,68.92444,0
6bba_8b7818bf,1035845,70,3.0,118.0,37.0,1.0307457,3.5728369,0.04761905,2.5401762,68.65625,0
6bba_8b7818bf,1035846,70,42.0,39.0,63.0,0.81473666,1.9994543,0.6666667,2.4895616,64.63342,0
6bba_8b7818bf,1035847,70,10.0,94.0,34.0,0.94284,3.8086083,0.15873016,2.5434792,68.92444,0
6bba_8b7818bf,1035848,70,6.0,71.0,233.0,0.9407528,2.679233,0.0952381,2.5434792,68.92444,0
6bba_8b7818bf,1035849,70,2.0,130.0,6.0,0.99299276,3.6484628,0.031746034,2.4687274,63.024292,0
6bba_8b7818bf,1035850,70,16.0,152.0,246.0,0.95620286,2.1606872,0.25396827,2.5434792,68.92444,0
6bba_8b7818bf,1035851,70,38.0,13.0,78.0,0.8485231,3.2406452,0.6031746,2.5434792,68.92444,0
6bba_8b7818bf,1035852,70,63.0,68.0,180.0,0.8161419,2.554403,1.0,2.1396742,41.032837,0
6bba_8b7818bf,1035853,70,45.0,71.0,88.0,0.98008806,2.0931778,0.71428573,2.5434792,68.92444,1
6bba_8b7818bf,1035854,70,10.0,163.0,197.0,0.6572953,2.1990654,0.15873016,2.5268764,67.583496,0
6bba_8b7818bf,1035855,70,45.0,70.0,79.0,0.9472196,2.0596566,0.71428573,2.5434792,68.92444,1
6bba_8b7818bf,1035856,70,48.0,17.0,0.0,0.7473227,3.9204824,0.7619048,2.1396742,41.032837,0
6bba_8b7818bf,1035857,71,17.0,78.0,37.0,1.7600062,4.038998,0.26984128,2.5434792,68.92444,0
6bba_8b7818bf,1035858,71,0.0,106.0,102.0,1.5799886,3.1561327,0.0,2.1396742,41.032837,0
6bba_8b7818bf,1035859,71,29.0,64.0,73.0,1.6992612,3.0966458,0.46031746,2.5401762,68.65625,2
6bba_8b7818bf,1035860,71,26.0,61.0,16.0,1.41368,6.779347,0.41269842,2.5434792,68.92444,0
6bba_8b7818bf,1035861,71,46.0,8.0,50.0,1.4580388,3.4559078,0.73015875,2.5434792,68.92444,0
6bba_8b7818bf,1035862,71,28.0,21.0,171.0,1.3530262,3.0623984,0.44444445,2.5434792,68.92444,0
6bba_8b7818bf,1035863,71,36.0,53.0,67.0,1.5663443,2.8893569,0.5714286,2.5434792,68.92444,1
6bba_8b7818bf,1035864,71,36.0,114.0,226.0,1.4822665,2.498414,0.5714286,2.5434792,68.92444,0
6bba_8b7818bf,1035865,71,12.0,105.0,0.0,1.2778698,5.679267,0.1904762,2.1396742,41.032837,0
6bba_8b7818bf,1035866,71,30.0,45.0,49.0,1.5029137,2.611836,0.47619048,2.5434792,68.92444,1
6bba_8b7818bf,1035867,71,0.0,94.0,255.0,1.2483878,2.6509635,0.0,1.7861332,23.868774,0
6bba_8b7818bf,1035868,71,41.0,36.0,0.0,1.0752785,8.594704,0.6507937,2.1396742,41.032837,0
6bba_8b7818bf,1035869,71,45.0,18.0,23.0,1.1420827,3.883198,0.71428573,2.5434792,68.92444,1
6bba_8b7818bf,1035870,71,47.0,13.0,30.0,1.1004959,3.3432527,0.74603176,2.5434792,68.92444,1
6bba_8b7818bf,1035871,71,12.0,159.0,213.0,1.2897234,2.47779,0.1904762,2.5434792,68.92444,1
6bba_8b7818bf,1035872,71,14.0,144.0,157.0,1.2033942,2.6534235,0.22222222,2.5434792,68.92444,0
6bba_8b7818bf,1035873,71,16.0,72.0,71.0,1.3304197,3.0129223,0.25396827,2.5434792,68.92444,1
6bba_8b7818bf,1035874,71,17.0,150.0,223.0,1.2864124,2.316621,0.26984128,2.5434792,68.92444,1
6bba_8b7818bf,1035875,71,10.0,97.0,32.0,1.1107625,4.6474857,0.15873016,2.5434792,68.92444,0
6bba_8b7818bf,1035876,71,15.0,145.0,172.0,1.1694708,2.512948,0.23809524,2.5434792,68.92444,0
6bba_8b7818bf,1035877,71,15.0,53.0,190.0,0.9510833,4.986454,0.23809524,2.5434792,68.92444,0
6bba_8b7818bf,1035878,71,6.0,80.0,149.0,1.1340449,2.7181182,0.0952381,2.5434792,68.92444,2
6bba_8b7818bf,1035879,71,31.0,23.0,102.0,0.9679719,3.666008,0.4920635,2.5434792,68.92444,0
6bba_8b7818bf,1035880,71,39.0,53.0,51.0,1.1508056,1.7602581,0.61904764,2.5168092,66.77893,1
6bba_8b7818bf,1035881,71,0.0,89.0,214.0,0.92937034,5.1775513,0.0,2.1396742,41.032837,0
6bba_8b7818bf,1035882,71,6.0,81.0,142.0,1.1507143,2.5255208,0.0952381,2.5434792,68.92444,2
6bba_8b7818bf,1035883,71,21.0,48.0,112.0,0.9010157,4.406889,0.33333334,2.5434792,68.92444,0
6bba_8b7818bf,1035884,71,6.0,80.0,154.0,1.0326172,2.5439389,0.0952381,2.5434792,68.92444,2
6bba_8b7818bf,1035885,71,0.0,123.0,34.0,0.99261254,2.7358022,0.0,2.1396742,41.032837,0
6bba_8b7818bf,1035886,71,0.0,188.0,139.0,1.0367917,1.7534059,0.0,2.1396742,41.032837,2
6bba_8b7818bf,1035887,71,26.0,94.0,75.0,1.1760061,1.872658,0.41269842,2.5434792,68.92444,1
6bba_8b7818bf,1035888,71,27.0,96.0,62.0,1.2060065,1.7257361,0.42857143,2.5434792,68.92444,1
6bba_8b7818bf,1035889,71,0.0,196.0,132.0,1.0068197,1.7362511,0.0,2.13031,40.49646,2
6bba_8b7818bf,1035890,71,0.0,95.0,195.0,0.7318651,4.319681,0.0,2.1350024,40.76465,0
6bba_8b7818bf,1035891,71,26.0,70.0,61.0,1.1209469,1.6211054,0.41269842,2.5268764,67.583496,2
6bba_8b7818bf,1035892,71,20.0,35.0,210.0,0.8329497,3.892885,0.31746033,2.5434792,68.92444,0
6bba_8b7818bf,1035893,71,0.0,187.0,125.0,1.0134861,1.6307601,0.0,2.1396742,41.032837,2
6bba_8b7818bf,1035894,71,0.0,136.0,8.0,0.9275139,2.6139748,0.0,2.1396742,41.032837,1
6bba_8b7818bf,1035895,71,6.0,73.0,233.0,0.9645832,2.8154485,0.0952381,2.5401762,68.65625,1
6bba_8b7818bf,1035896,71,45.0,70.0,88.0,1.0474142,2.0181065,0.71428573,2.5434792,68.92444,0
6bba_8b7818bf,1035897,71,14.0,51.0,236.0,0.75416505,3.1287525,0.22222222,2.5434792,68.92444,0
6bba_8b7818bf,1035898,71,6.0,75.0,255.0,0.6726963,2.448702,0.0952381,2.120863,39.960083,0
6bba_8b7818bf,1035899,71,16.0,152.0,247.0,0.9320894,2.0601647,0.25396827,2.5434792,68.92444,1
6bba_8b7818bf,1035900,71,48.0,19.0,0.0,0.7668692,4.8701425,0.7619048,2.1396742,41.032837,0
6bba_8b7818bf,1035901,71,38.0,15.0,77.0,0.8230439,3.0237134,0.6031746,2.5434792,68.92444,0
6bba_8b7818bf,1035902,71,63.0,0.0,7.0,0.7778854,4.257182,1.0,1.7994134,24.405151,0
6bba_8b7818bf,1035903,71,0.0,81.0,231.0,0.94528824,1.7828283,0.0,2.1396742,41.032837,1
6bba_8b7818bf,1035904,71,4.0,128.0,7.0,0.81270444,2.5076404,0.06349207,2.5401762,68.65625,1
6bba_8b7818bf,1035905,71,22.0,35.0,195.0,0.6666073,2.9692068,0.34920636,2.5434792,68.92444,0
6bba_8b7818bf,1035906,71,63.0,69.0,186.0,0.79233783,2.3162086,1.0,2.1396742,41.032837,0
6bba_8b7818bf,1035907,71,12.0,165.0,245.0,0.81124747,1.9458491,0.1904762,2.5401762,68.65625,1
6bba_8b7818bf,1035908,72,17.0,79.0,36.0,1.850359,4.2266006,0.26984128,2.5434792,68.92444,0
6bba_8b7818bf,1035909,72,0.0,107.0,104.0,1.665562,3.976782,0.0,2.1396742,41.032837,0
6bba_8b7818bf,1035910,72,10.0,108.0,0.0,1.6332505,4.501403,0.15873016,2.1396742,41.032837,1
6bba_8b7818bf,1035911,72,26.0,62.0,17.0,1.4590343,7.218168,0.41269842,2.5434792,68.92444,0
6bba_8b7818bf,1035912,72,28.0,63.0,76.0,1.7792605,3.2100961,0.44444445,2.5434792,68.92444,0
6bba_8b7818bf,1035913,72,46.0,9.0,50.0,1.4672321,3.405495,0.73015875,2.5434792,68.92444,0
6bba_8b7818bf,1035914,72,36.0,113.0,229.0,1.5182222,2.4073014,0.5714286,2.5434792,68.92444,0
6bba_8b7818bf,1035915,72,29.0,46.0,53.0,1.5662438,2.5143988,0.46031746,2.5434792,68.92444,1
6bba_8b7818bf,1035916,72,12.0,159.0,214.0,1.3591459,2.839148,0.1904762,2.5434792,68.92444,0
6bba_8b7818bf,1035917,72,14.0,100.0,0.0,1.2088895,1.775611,0.22222222,2.1396742,41.032837,1
6bba_8b7818bf,1035918,72,28.0,21.0,171.0,1.2267724,2.96232,0.44444445,2.5434792,68.92444,0
6bba_8b7818bf,1035919,72,45.0,17.0,25.0,1.2098382,4.3648996,0.71428573,2.5434792,68.92444,0
6bba_8b7818bf,1035920,72,35.0,52.0,66.0,1.5961665,2.1665828,0.5555556,2.5434792,68.92444,1
6bba_8b7818bf,1035921,72,15.0,74.0,70.0,1.2446749,3.5316815,0.23809524,2.5434792,68.92444,0
6bba_8b7818bf,1035922,72,0.0,124.0,38.0,1.0754243,3.1442542,0.0,2.1396742,41.032837,0
6bba_8b7818bf,1035923,72,6.0,81.0,148.0,1.1603003,2.7734432,0.0952381,2.5434792,68.92444,0
6bba_8b7818bf,1035924,72,41.0,36.0,0.0,1.0772575,6.3249702,0.6507937,2.1396742,41.032837,0
6bba_8b7818bf,1035925,72,0.0,186.0,139.0,1.0760456,2.1028943,0.0,2.1396742,41.032837,1
6bba_8b7818bf,1035926,72,14.0,143.0,158.0,1.1398404,2.5526295,0.22222222,2.5434792,68.92444,0
6bba_8b7818bf,1035927,72,15.0,54.0,190.0,0.938515,5.252792,0.23809524,2.5434792,68.92444,0
6bba_8b7818bf,1035928,72,0.0,185.0,129.0,1.131486,1.9924685,0.0,2.1396742,41.032837,1
6bba_8b7818bf,1035929,72,31.0,23.0,101.0,0.9689173,3.6958032,0.4920635,2.5434792,68.92444,0
6bba_8b7818bf,1035930,72,0.0,95.0,251.0,1.051252,2.8951755,0.0,2.1350024,40.76465,0
6bba_8b7818bf,1035931,72,39.0,52.0,53.0,1.1816097,1.4260787,0.61904764,2.5335438,68.11987,2
6bba_8b7818bf,1035932,72,15.0,144.0,177.0,1.0683857,2.7529376,0.23809524,2.5434792,68.92444,0
6bba_8b7818bf,1035933,72,17.0,149.0,226.0,1.186332,2.159675,0.26984128,2.5434792,68.92444,0
6bba_8b7818bf,1035934,72,21.0,49.0,112.0,0.8788248,4.284846,0.33333334,2.5434792,68.92444,0
6bba_8b7818bf,1035935,72,0.0,90.0,213.0,0.86042076,5.325514,0.0,2.1396742,41.032837,0
6bba_8b7818bf,1035936,72,19.0,36.0,210.0,0.85874385,3.7071233,0.3015873,2.5434792,68.92444,0
6bba_8b7818bf,1035937,72,9.0,100.0,30.0,0.9630624,3.6890128,0.14285715,2.5434792,68.92444,0
6bba_8b7818bf,1035938,72,26.0,94.0,76.0,1.1535549,1.8421715,0.41269842,2.5434792,68.92444,1
6bba_8b7818bf,1035939,72,0.0,134.0,9.0,0.94515795,2.7366858,0.0,2.1396742,41.032837,1
6bba_8b7818bf,1035940,72,27.0,96.0,63.0,1.1687126,1.6852027,0.42857143,2.5434792,68.92444,1
6bba_8b7818bf,1035941,72,44.0,68.0,90.0,1.0993907,2.195209,0.6984127,2.5434792,68.92444,0
6bba_8b7818bf,1035942,72,0.0,97.0,196.0,0.6178542,4.8589516,0.0,2.1350024,40.76465,0
6bba_8b7818bf,1035943,72,13.0,52.0,240.0,0.76291084,3.4473474,0.20634921,2.5434792,68.92444,0
6bba_8b7818bf,1035944,72,0.0,82.0,231.0,0.93889815,2.084273,0.0,2.1396742,41.032837,1
6bba_8b7818bf,1035945,72,4.0,129.0,8.0,0.8623884,2.8399127,0.06349207,2.5302145,67.851685,1
6bba_8b7818bf,1035946,72,16.0,153.0,249.0,0.93106633,2.0469313,0.25396827,2.5434792,68.92444,1
6bba_8b7818bf,1035947,72,63.0,0.0,7.0,0.7712299,4.26457,1.0,1.7994134,24.405151,0
6bba_8b7818bf,1035948,72,5.0,75.0,233.0,0.9038929,2.6283,0.07936508,2.5434792,68.92444,1
6bba_8b7818bf,1035949,72,38.0,14.0,79.0,0.758458,2.914569,0.6031746,2.5434792,68.92444,0
6bba_8b7818bf,1035950,72,12.0,164.0,246.0,0.844664,1.949409,0.1904762,2.5434792,68.92444,1
6bba_8b7818bf,1035951,72,11.0,159.0,26.0,0.82877547,2.0829358,0.17460318,2.5401762,68.65625,0
6bba_8b7818bf,1035952,72,48.0,19.0,0.0,0.7636626,3.4456587,0.7619048,2.1396742,41.032837,0
6bba_8b7818bf,1035953,72,10.0,159.0,45.0,0.8167096,1.978233,0.15873016,2.5434792,68.92444,0
6bba_8b7818bf,1035954,72,63.0,68.0,185.0,0.8208214,2.2735777,1.0,2.1396742,41.032837,0
6bba_8b7818bf,1035955,72,6.0,104.0,56.0,0.9170229,2.6056218,0.0952381,2.5434792,68.92444,0
6bba_8b7818bf,1035956,72,23.0,78.0,0.0,0.6151155,6.1810417,0.36507937,2.1350024,40.76465,0
6bba_8b7818bf,1035957,73,10.0,107.0,0.0,1.7592824,5.148801,0.15873016,2.1396742,41.032837,0
6bba_8b7818bf,1035958,73,0.0,106.0,105.0,1.5652828,4.504305,0.0,2.1396742,41.032837,0
6bba_8b7818bf,1035959,73,17.0,79.0,34.0,1.7040061,3.8222313,0.26984128,2.5434792,68.92444,0
6bba_8b7818bf,1035960,73,28.0,62.0,76.0,1.6650636,3.2535603,0.44444445,2.5434792,68.92444,0
6bba_8b7818bf,1035961,73,46.0,9.0,49.0,1.4445205,3.402122,0.73015875,2.5434792,68.92444,0
6bba_8b7818bf,1035962,73,27.0,22.0,172.0,1.3856797,3.0797935,0.42857143,2.5434792,68.92444,0
6bba_8b7818bf,1035963,73,26.0,62.0,15.0,1.316874,6.62054,0.41269842,2.5434792,68.92444,0
6bba_8b7818bf,1035964,73,11.0,158.0,214.0,1.4276046,3.0552518,0.17460318,2.5434792,68.92444,0
6bba_8b7818bf,1035965,73,28.0,47.0,56.0,1.6423568,2.414744,0.44444445,2.5434792,68.92444,3
6bba_8b7818bf,1035966,73,35.0,112.0,230.0,1.4063728,2.3127806,0.5555556,2.5434792,68.92444,0
6bba_8b7818bf,1035967,73,45.0,16.0,28.0,1.2190404,4.173414,0.71428573,2.5434792,68.92444,0
6bba_8b7818bf,1035968,73,0.0,124.0,39.0,1.1512475,3.4074404,0.0,2.1396742,41.032837,0
6bba_8b7818bf,1035969,73,0.0,184.0,133.0,1.1354522,2.2007787,0.0,2.1396742,41.032837,0
6bba_8b7818bf,1035970,73,36.0,50.0,66.0,1.5004201,1.7669145,0.5714286,2.5434792,68.92444,2
6bba_8b7818bf,1035971,73,14.0,139.0,154.0,1.1201521,2.726826,0.22222222,2.5401762,68.65625,0
6bba_8b7818bf,1035972,73,5.0,83.0,148.0,1.1327431,2.7461553,0.07936508,2.5434792,68.92444,0
6bba_8b7818bf,1035973,73,0.0,135.0,9.0,0.9788118,3.512707,0.0,2.1396742,41.032837,0
6bba_8b7818bf,1035974,73,20.0,50.0,113.0,0.902806,4.1513247,0.31746033,2.5434792,68.92444,0
6bba_8b7818bf,1035975,73,31.0,23.0,101.0,0.9614594,3.2131202,0.4920635,2.5434792,68.92444,0
6bba_8b7818bf,1035976,73,0.0,95.0,249.0,0.98786396,3.39019,0.0,2.1350024,40.76465,0
6bba_8b7818bf,1035977,73,14.0,55.0,189.0,0.88994086,4.9914064,0.22222222,2.5434792,68.92444,0
6bba_8b7818bf,1035978,73,15.0,76.0,69.0,1.177495,3.4700751,0.23809524,2.5434792,68.92444,0
6bba_8b7818bf,1035979,73,9.0,100.0,30.0,0.9839562,4.3316665,0.14285715,2.5434792,68.92444,0
6bba_8b7818bf,1035980,73,25.0,94.0,77.0,1.1808609,1.7294292,0.3968254,2.5434792,68.92444,1
6bba_8b7818bf,1035981,73,26.0,95.0,64.0,1.1995579,1.6516069,0.41269842,2.5434792,68.92444,1
6bba_8b7818bf,1035982,73,17.0,147.0,227.0,1.0939927,2.052447,0.26984128,2.5434792,68.92444,0
6bba_8b7818bf,1035983,73,19.0,36.0,211.0,0.816842,3.575455,0.3015873,2.5434792,68.92444,0
6bba_8b7818bf,1035984,73,0.0,90.0,213.0,0.7971172,5.084875,0.0,2.1396742,41.032837,0
6bba_8b7818bf,1035985,73,44.0,66.0,87.0,1.1257557,2.0794182,0.6984127,2.5434792,68.92444,0
6bba_8b7818bf,1035986,73,14.0,143.0,177.0,0.9826227,2.4233305,0.22222222,2.5434792,68.92444,0
6bba_8b7818bf,1035987,73,63.0,66.0,184.0,0.95533764,2.7051458,1.0,2.1396742,41.032837,0
6bba_8b7818bf,1035988,73,63.0,0.0,5.0,0.86206985,4.3052435,1.0,1.7994134,24.405151,0
6bba_8b7818bf,1035989,73,39.0,48.0,50.0,0.9492884,1.2064594,0.61904764,2.5401762,68.65625,2
6bba_8b7818bf,1035990,73,40.0,50.0,53.0,0.95881504,1.2221267,0.63492066,2.475711,63.56067,3
6bba_8b7818bf,1035991,73,13.0,51.0,240.0,0.6965757,3.2327173,0.20634921,2.5434792,68.92444,0
6bba_8b7818bf,1035992,73,37.0,15.0,79.0,0.80335575,2.609649,0.5873016,2.5434792,68.92444,0
6bba_8b7818bf,1035993,73,15.0,153.0,250.0,0.9244579,2.0102491,0.23809524,2.5434792,68.92444,1
6bba_8b7818bf,1035994,73,5.0,77.0,255.0,0.6277809,2.4979262,0.07936508,2.0968692,38.61914,0
6bba_8b7818bf,1035995,73,63.0,58.0,14.0,0.8337476,2.5679266,1.0,2.1396742,41.032837,0
6bba_8b7818bf,1035996,73,41.0,36.0,0.0,0.7584078,3.9628296,0.6507937,2.1396742,41.032837,0
6bba_8b7818bf,1035997,73,12.0,162.0,247.0,0.8526104,1.8846844,0.1904762,2.5434792,68.92444,1
6bba_8b7818bf,1035998,73,4.0,76.0,232.0,0.8526653,2.769167,0.06349207,2.5434792,68.92444,0
6bba_8b7818bf,1035999,73,0.0,98.0,196.0,0.4776612,4.3968177,0.0,2.057296,36.473633,0
6bba_8b7818bf,1036000,73,11.0,157.0,27.0,0.80215466,1.9024539,0.17460318,2.5401762,68.65625,0
6bba_8b7818bf,1036001,73,11.0,152.0,43.0,0.79033995,1.8503176,0.17460318,2.5434792,68.92444,1
6bba_8b7818bf,1036002,73,10.0,156.0,44.0,0.78717047,1.8146155,0.15873016,2.5434792,68.92444,1
6bba_8b7818bf,1036003,74,26.0,49.0,71.0,2.083685,3.0990639,0.41269842,2.5434792,68.92444,1
6bba_8b7818bf,1036004,74,14.0,146.0,234.0,1.9077154,3.110418,0.22222222,2.5434792,68.92444,0
6bba_8b7818bf,1036005,74,25.0,59.0,21.0,1.5486015,6.692278,0.3968254,2.5434792,68.92444,0
6bba_8b7818bf,1036006,74,27.0,57.0,81.0,1.9121819,2.8322186,0.42857143,2.5434792,68.92444,1
6bba_8b7818bf,1036007,74,44.0,9.0,52.0,1.4719362,3.618758,0.6984127,2.5434792,68.92444,0
6bba_8b7818bf,1036008,74,33.0,109.0,233.0,1.5254518,2.450788,0.52380955,2.5434792,68.92444,0
6bba_8b7818bf,1036009,74,13.0,151.0,255.0,1.5722022,2.6250105,0.20634921,2.1396742,41.032837,0
6bba_8b7818bf,1036010,74,17.0,77.0,31.0,1.4092728,3.6788907,0.26984128,2.5434792,68.92444,0
6bba_8b7818bf,1036011,74,25.0,23.0,177.0,1.2749538,3.2434335,0.3968254,2.5401762,68.65625,0
6bba_8b7818bf,1036012,74,44.0,16.0,29.0,1.2852113,4.7494864,0.6984127,2.5434792,68.92444,0
6bba_8b7818bf,1036013,74,10.0,107.0,0.0,1.2625042,4.3829894,0.15873016,2.1396742,41.032837,0
6bba_8b7818bf,1036014,74,0.0,84.0,152.0,1.2712265,2.4618213,0.0,2.1396742,41.032837,0
6bba_8b7818bf,1036015,74,9.0,155.0,221.0,1.360662,2.149817,0.14285715,2.5434792,68.92444,0
6bba_8b7818bf,1036016,74,38.0,36.0,65.0,1.3041916,4.014888,0.6031746,2.5434792,68.92444,0
6bba_8b7818bf,1036017,74,0.0,133.0,19.0,1.0924622,5.2242756,0.0,2.1350024,40.76465,0
6bba_8b7818bf,1036018,74,23.0,86.0,86.0,1.4053451,2.1096036,0.36507937,2.5434792,68.92444,0
6bba_8b7818bf,1036019,74,41.0,60.0,94.0,1.4192196,2.2933252,0.6507937,2.5434792,68.92444,0
6bba_8b7818bf,1036020,74,0.0,178.0,133.0,1.0564377,2.6369905,0.0,2.1396742,41.032837,0
6bba_8b7818bf,1036021,74,12.0,78.0,74.0,1.3513181,3.2540178,0.1904762,2.5434792,68.92444,0
6bba_8b7818bf,1036022,74,7.0,105.0,24.0,1.0868499,4.2775154,0.11111111,2.5434792,68.92444,0
6bba_8b7818bf,1036023,74,19.0,32.0,215.0,0.9546547,3.5813606,0.3015873,2.5434792,68.92444,0
6bba_8b7818bf,1036024,74,0.0,108.0,106.0,0.7185017,4.980964,0.0,2.0522413,36.205444,0
6bba_8b7818bf,1036025,74,12.0,49.0,245.0,0.91205853,4.3708506,0.1904762,2.5434792,68.92444,0
6bba_8b7818bf,1036026,74,11.0,57.0,195.0,0.9147988,4.684228,0.17460318,2.5434792,68.92444,0
6bba_8b7818bf,1036027,74,30.0,23.0,100.0,1.0215971,2.8733144,0.47619048,2.5434792,68.92444,0
6bba_8b7818bf,1036028,74,0.0,123.0,52.0,0.8752724,4.287452,0.0,2.125597,40.22827,0
6bba_8b7818bf,1036029,74,16.0,53.0,125.0,0.8953572,3.4980946,0.25396827,2.5434792,68.92444,0
6bba_8b7818bf,1036030,74,0.0,88.0,218.0,0.77093494,4.170745,0.0,2.1350024,40.76465,0
6bba_8b7818bf,1036031,74,14.0,130.0,173.0,1.0350971,2.2833695,0.22222222,2.5434792,68.92444,1
6bba_8b7818bf,1036032,74,63.0,54.0,18.0,1.1059482,2.612321,1.0,2.1396742,41.032837,0
6bba_8b7818bf,1036033,74,63.0,60.0,188.0,1.1135275,2.4671435,1.0,2.1396742,41.032837,0
6bba_8b7818bf,1036034,74,45.0,21.0,4.0,0.9386018,3.0947652,0.71428573,2.5434792,68.92444,0
6bba_8b7818bf,1036035,74,14.0,135.0,185.0,0.90125316,2.1216602,0.22222222,2.5401762,68.65625,1
6bba_8b7818bf,1036036,75,24.0,59.0,20.0,1.5162904,7.2528625,0.3809524,2.5434792,68.92444,0
6bba_8b7818bf,1036037,75,25.0,49.0,70.0,1.8442804,2.9712229,0.3968254,2.5434792,68.92444,1
6bba_8b7818bf,1036038,75,26.0,57.0,81.0,1.7583622,2.8325703,0.41269842,2.5434792,68.92444,1
6bba_8b7818bf,1036039,75,12.0,148.0,228.0,1.5965044,2.5678084,0.1904762,2.5434792,68.92444,0
6bba_8b7818bf,1036040,75,15.0,79.0,32.0,1.3816153,3.808037,0.23809524,2.5434792,68.92444,0
6bba_8b7818bf,1036041,75,44.0,9.0,52.0,1.3618267,3.8564594,0.6984127,2.5434792,68.92444,0
6bba_8b7818bf,1036042,75,13.0,151.0,255.0,1.4953742,2.4505296,0.20634921,2.1396742,41.032837,0
6bba_8b7818bf,1036043,75,32.0,110.0,233.0,1.4180322,2.3500872,0.50793654,2.5434792,68.92444,0
6bba_8b7818bf,1036044,75,0.0,84.0,152.0,1.231397,2.7389588,0.0,2.1396742,41.032837,0
6bba_8b7818bf,1036045,75,38.0,33.0,65.0,1.4207312,3.986935,0.6031746,2.5434792,68.92444,1
6bba_8b7818bf,1036046,75,43.0,18.0,27.0,1.2445973,4.2749543,0.6825397,2.5434792,68.92444,0
6bba_8b7818bf,1036047,75,23.0,24.0,176.0,1.168128,3.5657094,0.36507937,2.5434792,68.92444,0
6bba_8b7818bf,1036048,75,22.0,88.0,84.0,1.4437351,2.2733548,0.34920636,2.5434792,68.92444,0
6bba_8b7818bf,1036049,75,0.0,76.0,230.0,1.1165271,4.538119,0.0,2.1396742,41.032837,0
6bba_8b7818bf,1036050,75,29.0,24.0,99.0,1.169722,3.4306037,0.46031746,2.5434792,68.92444,0
6bba_8b7818bf,1036051,75,11.0,79.0,73.0,1.357762,3.3308816,0.17460318,2.5434792,68.92444,0
6bba_8b7818bf,1036052,75,6.0,107.0,22.0,1.157793,4.569561,0.0952381,2.5434792,68.92444,0
6bba_8b7818bf,1036053,75,40.0,60.0,93.0,1.3495324,2.2890334,0.63492066,2.5434792,68.92444,0
6bba_8b7818bf,1036054,75,0.0,133.0,20.0,0.86435604,4.4465156,0.0,2.0471616,35.937256,0
6bba_8b7818bf,1036055,75,0.0,178.0,132.0,0.94833386,2.7855897,0.0,2.1350024,40.76465,0
6bba_8b7818bf,1036056,75,15.0,54.0,126.0,0.9515628,3.5784,0.23809524,2.5434792,68.92444,0
6bba_8b7818bf,1036057,75,10.0,107.0,0.0,1.0600586,3.7180846,0.15873016,2.1396742,41.032837,0
6bba_8b7818bf,1036058,75,10.0,58.0,194.0,0.88578945,4.2797723,0.15873016,2.5401762,68.65625,0
6bba_8b7818bf,1036059,75,13.0,48.0,243.0,0.8008394,3.793807,0.20634921,2.5434792,68.92444,0
6bba_8b7818bf,1036060,75,35.0,16.0,72.0,0.9421458,2.8837085,0.5555556,2.5401762,68.65625,0
6bba_8b7818bf,1036061,75,19.0,32.0,215.0,0.78117406,3.1235266,0.3015873,2.5434792,68.92444,2
6bba_8b7818bf,1036062,75,0.0,123.0,50.0,0.6744761,3.508291,0.0,2.0317688,35.13269,0
6bba_8b7818bf,1036063,75,63.0,53.0,17.0,1.0480684,2.3918264,1.0,2.1396742,41.032837,0
6bba_8b7818bf,1036064,75,20.0,30.0,207.0,0.65994406,2.6387153,0.31746033,2.5201738,67.04712,1
6bba_8b7818bf,1036065,75,0.0,106.0,61.0,0.83241284,2.1095748,0.0,2.1396742,41.032837,1
6bba_8b7818bf,1036066,75,10.0,146.0,38.0,0.8679052,1.993626,0.15873016,2.5335438,68.11987,0
6bba_8b7818bf,1036067,75,20.0,31.0,225.0,0.6172887,2.6602492,0.31746033,2.5401762,68.65625,1
6bba_8b7818bf,1036068,75,44.0,20.0,8.0,0.8048584,2.361747,0.6984127,2.5434792,68.92444,0
6bba_8b7818bf,1036069,75,0.0,104.0,70.0,0.8584492,2.0754673,0.0,2.1396742,41.032837,1
6bba_8b7818bf,1036070,75,11.0,140.0,175.0,0.8435588,1.9021769,0.17460318,2.5434792,68.92444,0
6bba_8b7818bf,1036071,75,44.0,35.0,73.0,0.6900084,0.98434156,0.6984127,2.433201,60.342407,1
6bba_8b7818bf,1036072,75,5.0,162.0,203.0,0.5401527,2.4030116,0.07936508,2.5335438,68.11987,0
6bba_8b7818bf,1036073,76,40.0,18.0,45.0,1.4126889,4.3106594,0.63492066,2.5434792,68.92444,0
6bba_8b7818bf,1036074,76,24.0,60.0,22.0,1.4430271,7.094891,0.3809524,2.5434792,68.92444,0
6bba_8b7818bf,1036075,76,23.0,53.0,69.0,1.7130167,2.588274,0.36507937,2.5434792,68.92444,1
6bba_8b7818bf,1036076,76,0.0,87.0,149.0,1.2913022,3.6051173,0.0,2.1396742,41.032837,0
6bba_8b7818bf,1036077,76,30.0,110.0,233.0,1.550474,2.396702,0.47619048,2.5434792,68.92444,0
6bba_8b7818bf,1036078,76,15.0,79.0,34.0,1.3583602,3.761648,0.23809524,2.5434792,68.92444,0
6bba_8b7818bf,1036079,76,45.0,19.0,18.0,1.2826356,3.7995632,0.71428573,2.5434792,68.92444,0
6bba_8b7818bf,1036080,76,26.0,59.0,81.0,1.6160054,2.6121159,0.41269842,2.5401762,68.65625,2
6bba_8b7818bf,1036081,76,37.0,37.0,67.0,1.3262956,2.984696,0.5873016,2.5434792,68.92444,0
6bba_8b7818bf,1036082,76,21.0,91.0,84.0,1.4114786,2.202791,0.33333334,2.5434792,68.92444,0
6bba_8b7818bf,1036083,76,22.0,28.0,175.0,1.1201203,3.2288187,0.34920636,2.5401762,68.65625,0
6bba_8b7818bf,1036084,76,9.0,109.0,0.0,1.2239175,3.2635264,0.14285715,2.1396742,41.032837,0
6bba_8b7818bf,1036085,76,28.0,25.0,100.0,1.17201,3.244132,0.44444445,2.5434792,68.92444,0
6bba_8b7818bf,1036086,76,0.0,78.0,232.0,0.9761193,4.99727,0.0,2.1396742,41.032837,0
6bba_8b7818bf,1036087,76,8.0,157.0,223.0,1.2487304,2.4063804,0.12698413,2.5434792,68.92444,0
6bba_8b7818bf,1036088,76,13.0,149.0,235.0,1.2954001,2.3324509,0.20634921,2.5401762,68.65625,1
6bba_8b7818bf,1036089,76,13.0,58.0,127.0,0.97201824,3.7407227,0.20634921,2.5434792,68.92444,0
6bba_8b7818bf,1036090,76,5.0,112.0,20.0,1.1743071,4.19675,0.07936508,2.5401762,68.65625,0
6bba_8b7818bf,1036091,76,39.0,62.0,95.0,1.3284832,2.1488504,0.61904764,2.5434792,68.92444,1
6bba_8b7818bf,1036092,76,12.0,154.0,255.0,1.2541885,2.3996775,0.1904762,2.1396742,41.032837,0
6bba_8b7818bf,1036093,76,40.0,60.0,85.0,1.3649367,2.1804907,0.63492066,2.5434792,68.92444,2
6bba_8b7818bf,1036094,76,12.0,49.0,244.0,0.91748875,5.021813,0.1904762,2.5434792,68.92444,0
6bba_8b7818bf,1036095,76,34.0,17.0,77.0,1.0957143,3.954031,0.53968257,2.5434792,68.92444,0
6bba_8b7818bf,1036096,76,10.0,83.0,74.0,1.252932,2.8373818,0.15873016,2.5434792,68.92444,0
6bba_8b7818bf,1036097,76,0.0,134.0,21.0,0.724631,4.290392,0.0,2.0317688,35.13269,0
6bba_8b7818bf,1036098,76,8.0,61.0,198.0,0.86564916,4.058177,0.12698413,2.5434792,68.92444,0
6bba_8b7818bf,1036099,76,11.0,136.0,156.0,0.9392549,2.3989317,0.17460318,2.5434792,68.92444,0
6bba_8b7818bf,1036100,76,10.0,139.0,172.0,1.036997,2.3363452,0.15873016,2.5434792,68.92444,0
6bba_8b7818bf,1036101,76,18.0,34.0,212.0,0.76893455,3.8949285,0.2857143,2.5434792,68.92444,0
6bba_8b7818bf,1036102,76,0.0,181.0,131.0,0.7269401,2.6765146,0.0,2.1350024,40.76465,0
6bba_8b7818bf,1036103,76,11.0,146.0,37.0,0.8293327,2.3520794,0.17460318,2.5032594,65.70618,0
6bba_8b7818bf,1036104,76,0.0,107.0,63.0,0.797539,2.5189083,0.0,2.1396742,41.032837,0
6bba_8b7818bf,1036105,76,60.0,55.0,19.0,1.0274308,2.4114258,0.95238096,2.5401762,68.65625,0
6bba_8b7818bf,1036106,76,59.0,61.0,187.0,0.9988035,2.2017233,0.93650794,2.5434792,68.92444,0
6bba_8b7818bf,1036107,76,37.0,39.0,0.0,0.7235263,2.620641,0.5873016,2.1396742,41.032837,0
6bba_8b7818bf,1036108,76,16.0,139.0,235.0,0.73539484,1.2099205,0.25396827,2.5401762,68.65625,1
6bba_8b7818bf,1036109,77,21.0,55.0,65.0,1.7732276,2.9542694,0.33333334,2.5434792,68.92444,1
6bba_8b7818bf,1036110,77,30.0,110.0,232.0,1.6014276,2.5327678,0.47619048,2.5434792,68.92444,0
6bba_8b7818bf,1036111,77,38.0,21.0,45.0,1.3895663,4.2378135,0.6031746,2.5434792,68.92444,0
6bba_8b7818bf,1036112,77,24.0,59.0,22.0,1.2688113,5.868241,0.3809524,2.5434792,68.92444,0
6bba_8b7818bf,1036113,77,25.0,61.0,78.0,1.5996922,2.4040265,0.3968254,2.5368643,68.38806,1
6bba_8b7818bf,1036114,77,0.0,87.0,149.0,1.1618184,3.778137,0.0,2.1396742,41.032837,0
6bba_8b7818bf,1036115,77,15.0,78.0,34.0,1.2756892,3.750601,0.23809524,2.5434792,68.92444,0
6bba_8b7818bf,1036116,77,21.0,91.0,73.0,1.6134297,2.2432885,0.33333334,2.5434792,68.92444,1
6bba_8b7818bf,1036117,77,20.0,31.0,167.0,1.1795226,2.7724285,0.31746033,2.5434792,68.92444,0
6bba_8b7818bf,1036118,77,39.0,61.0,90.0,1.4589248,2.1856976,0.61904764,2.5434792,68.92444,0
6bba_8b7818bf,1036119,77,12.0,59.0,128.0,1.0661389,3.8589046,0.1904762,2.5434792,68.92444,0
6bba_8b7818bf,1036120,77,8.0,156.0,222.0,1.2488353,2.5819929,0.12698413,2.5434792,68.92444,0
6bba_8b7818bf,1036121,77,4.0,112.0,19.0,1.244451,4.3026586,0.06349207,2.5434792,68.92444,0
6bba_8b7818bf,1036122,77,28.0,27.0,95.0,1.1818427,3.301829,0.44444445,2.5434792,68.92444,0
6bba_8b7818bf,1036123,77,33.0,17.0,76.0,1.1903325,4.095283,0.52380955,2.5434792,68.92444,0
6bba_8b7818bf,1036124,77,9.0,109.0,0.0,1.1784959,3.2897308,0.14285715,2.1396742,41.032837,0
6bba_8b7818bf,1036125,77,44.0,14.0,29.0,0.9855136,4.304856,0.6984127,2.5434792,68.92444,0
6bba_8b7818bf,1036126,77,35.0,36.0,67.0,1.1811758,2.920754,0.5555556,2.5434792,68.92444,1
6bba_8b7818bf,1036127,77,0.0,78.0,232.0,0.89750373,5.5988703,0.0,2.1396742,41.032837,0
6bba_8b7818bf,1036128,77,9.0,82.0,73.0,1.2964095,3.1888883,0.14285715,2.5434792,68.92444,1
6bba_8b7818bf,1036129,77,11.0,50.0,246.0,0.92067647,5.2143335,0.17460318,2.5434792,68.92444,0
6bba_8b7818bf,1036130,77,10.0,140.0,169.0,1.1043322,2.4221275,0.15873016,2.5434792,68.92444,0
6bba_8b7818bf,1036131,77,10.0,138.0,154.0,0.9935058,2.2580597,0.15873016,2.5434792,68.92444,0
6bba_8b7818bf,1036132,77,0.0,132.0,21.0,0.7158934,3.918599,0.0,2.0317688,35.13269,0
6bba_8b7818bf,1036133,77,37.0,42.0,56.0,0.9268053,2.5983276,0.5873016,2.5434792,68.92444,1
6bba_8b7818bf,1036134,77,6.0,66.0,204.0,0.82485706,3.4538076,0.0952381,2.5401762,68.65625,0
6bba_8b7818bf,1036135,77,17.0,35.0,212.0,0.7199312,3.3805356,0.26984128,2.5434792,68.92444,0
6bba_8b7818bf,1036136,77,11.0,154.0,255.0,0.98246336,1.7807006,0.17460318,2.1396742,41.032837,1
6bba_8b7818bf,1036137,77,9.0,164.0,255.0,0.8864571,1.7447579,0.14285715,2.1396742,41.032837,1
6bba_8b7818bf,1036138,77,0.0,139.0,0.0,0.5361528,7.467219,0.0,1.7994134,24.405151,0
6bba_8b7818bf,1036139,77,0.0,107.0,65.0,0.7743794,2.6158798,0.0,2.1396742,41.032837,0
6bba_8b7818bf,1036140,77,57.0,61.0,186.0,0.9517866,2.0221188,0.9047619,2.5434792,68.92444,0
6bba_8b7818bf,1036141,77,0.0,180.0,130.0,0.56301206,3.1853025,0.0,2.1350024,40.76465,0
6bba_8b7818bf,1036142,78,24.0,61.0,78.0,1.7180678,2.9408214,0.3809524,2.5434792,68.92444,0
6bba_8b7818bf,1036143,78,20.0,55.0,64.0,1.6954066,2.8615978,0.31746033,2.5434792,68.92444,0
6bba_8b7818bf,1036144,78,30.0,108.0,230.0,1.506243,2.4523015,0.47619048,2.5434792,68.92444,0
6bba_8b7818bf,1036145,78,39.0,16.0,49.0,1.3730156,3.6437182,0.61904764,2.5434792,68.92444,0
6bba_8b7818bf,1036146,78,7.0,158.0,221.0,1.4575319,3.2201858,0.11111111,2.5401762,68.65625,0
6bba_8b7818bf,1036147,78,18.0,34.0,163.0,1.2723781,3.1354675,0.2857143,2.5434792,68.92444,0
6bba_8b7818bf,1036148,78,14.0,78.0,33.0,1.2479587,3.5584228,0.22222222,2.5434792,68.92444,0
6bba_8b7818bf,1036149,78,20.0,92.0,82.0,1.5268263,2.158209,0.31746033,2.5434792,68.92444,1
6bba_8b7818bf,1036150,78,20.0,92.0,74.0,1.6119179,2.1714697,0.31746033,2.5434792,68.92444,1
6bba_8b7818bf,1036151,78,24.0,58.0,20.0,1.1300578,6.239118,0.3809524,2.5434792,68.92444,0
6bba_8b7818bf,1036152,78,10.0,62.0,125.0,1.1022816,4.078343,0.15873016,2.5434792,68.92444,0
6bba_8b7818bf,1036153,78,0.0,87.0,149.0,0.99687785,4.0020666,0.0,2.1350024,40.76465,0
6bba_8b7818bf,1036154,78,3.0,114.0,18.0,1.2220328,4.8818917,0.04761905,2.5401762,68.65625,0
6bba_8b7818bf,1036155,78,26.0,27.0,95.0,1.2192781,3.3921928,0.41269842,2.5434792,68.92444,0
6bba_8b7818bf,1036156,78,8.0,109.0,0.0,1.1575378,4.1350574,0.12698413,2.1396742,41.032837,0
6bba_8b7818bf,1036157,78,31.0,17.0,78.0,1.1480014,3.4721181,0.4920635,2.5434792,68.92444,0
6bba_8b7818bf,1036158,78,9.0,81.0,74.0,1.275502,3.0376546,0.14285715,2.5401762,68.65625,0
6bba_8b7818bf,1036159,78,38.0,62.0,89.0,1.3273004,2.2424302,0.6031746,2.5434792,68.92444,0
6bba_8b7818bf,1036160,78,35.0,37.0,70.0,1.1020031,2.8880556,0.5555556,2.5401762,68.65625,0
6bba_8b7818bf,1036161,78,43.0,16.0,25.0,1.0204235,3.2579763,0.6825397,2.5434792,68.92444,0
6bba_8b7818bf,1036162,78,10.0,140.0,169.0,1.1525228,2.4318256,0.15873016,2.5401762,68.65625,1
6bba_8b7818bf,1036163,78,10.0,138.0,155.0,1.025027,2.1702433,0.15873016,2.5401762,68.65625,1
6bba_8b7818bf,1036164,78,10.0,51.0,244.0,0.82639617,5.037294,0.15873016,2.5434792,68.92444,0
6bba_8b7818bf,1036165,78,7.0,152.0,43.0,1.0266938,2.3809361,0.11111111,2.5434792,68.92444,0
6bba_8b7818bf,1036166,78,5.0,168.0,30.0,0.94909215,2.2241518,0.07936508,2.5268764,67.583496,2
6bba_8b7818bf,1036167,78,35.0,42.0,55.0,0.8869677,3.6735582,0.5555556,2.5434792,68.92444,0
6bba_8b7818bf,1036168,78,5.0,168.0,35.0,0.94345653,2.0542653,0.07936508,2.5268764,67.583496,2
6bba_8b7818bf,1036169,78,16.0,35.0,205.0,0.758184,3.3875198,0.25396827,2.5434792,68.92444,0
6bba_8b7818bf,1036170,78,4.0,69.0,206.0,0.8544464,3.5730567,0.06349207,2.5434792,68.92444,1
6bba_8b7818bf,1036171,78,8.0,164.0,255.0,0.9644051,1.8584963,0.12698413,2.1396742,41.032837,1
6bba_8b7818bf,1036172,78,12.0,147.0,235.0,1.0184003,1.8567513,0.1904762,2.5401762,68.65625,1
6bba_8b7818bf,1036173,78,43.0,20.0,6.0,0.88598585,2.4500964,0.6825397,2.5434792,68.92444,0
6bba_8b7818bf,1036174,78,15.0,138.0,234.0,0.77085274,1.8416405,0.23809524,2.5401762,68.65625,1
6bba_8b7818bf,1036175,78,5.0,167.0,43.0,0.83951247,1.8186069,0.07936508,2.5302145,67.851685,2
6bba_8b7818bf,1036176,78,0.0,80.0,231.0,0.64623797,5.1601987,0.0,2.1350024,40.76465,0
6bba_8b7818bf,1036177,78,0.0,140.0,0.0,0.5424212,6.57496,0.0,1.7994134,24.405151,0
6bba_8b7818bf,1036178,78,6.0,64.0,201.0,0.71893555,2.3208642,0.0952381,2.5401762,68.65625,1
6bba_8b7818bf,1036179,78,11.0,154.0,255.0,0.9793028,1.7192706,0.17460318,2.1350024,40.76465,1
6bba_8b7818bf,1036180,78,0.0,132.0,21.0,0.5449922,2.5499203,0.0,2.0265856,34.864502,0
6bba_8b7818bf,1036181,78,56.0,61.0,187.0,0.97924316,2.1055167,0.8888889,2.5434792,68.92444,0
6bba_8b7818bf,1036182,79,24.0,60.0,79.0,1.8086993,2.7073848,0.3809524,2.5401762,68.65625,0
6bba_8b7818bf,1036183,79,25.0,29.0,93.0,1.5920379,3.1821046,0.3968254,2.5434792,68.92444,1
6bba_8b7818bf,1036184,79,18.0,56.0,65.0,1.6817468,2.5736315,0.2857143,2.5434792,68.92444,0
6bba_8b7818bf,1036185,79,23.0,57.0,22.0,1.2241465,6.702269,0.36507937,2.5434792,68.92444,0
6bba_8b7818bf,1036186,79,37.0,20.0,49.0,1.2741503,3.6769419,0.5873016,2.5434792,68.92444,0
6bba_8b7818bf,1036187,79,29.0,106.0,227.0,1.4340576,2.4372432,0.46031746,2.5434792,68.92444,0
6bba_8b7818bf,1036188,79,0.0,118.0,18.0,1.2277533,4.259667,0.0,2.1396742,41.032837,0
6bba_8b7818bf,1036189,79,19.0,92.0,83.0,1.5068687,2.238109,0.3015873,2.5434792,68.92444,0
6bba_8b7818bf,1036190,79,17.0,36.0,158.0,1.2313439,2.9624655,0.26984128,2.5434792,68.92444,0
6bba_8b7818bf,1036191,79,13.0,77.0,37.0,1.204851,3.5589209,0.20634921,2.5434792,68.92444,1
6bba_8b7818bf,1036192,79,30.0,17.0,80.0,1.3623929,2.3182144,0.47619048,2.5434792,68.92444,2
6bba_8b7818bf,1036193,79,8.0,64.0,127.0,1.1202208,4.6074686,0.12698413,2.5434792,68.92444,0
6bba_8b7818bf,1036194,79,6.0,157.0,223.0,1.3922335,2.6814601,0.0952381,2.5434792,68.92444,0
6bba_8b7818bf,1036195,79,0.0,71.0,212.0,1.0434042,3.8589082,0.0,2.1396742,41.032837,0
6bba_8b7818bf,1036196,79,15.0,77.0,27.0,1.1549935,3.0039387,0.23809524,2.5434792,68.92444,1
6bba_8b7818bf,1036197,79,36.0,60.0,90.0,1.4211605,2.4512548,0.5714286,2.5434792,68.92444,0
6bba_8b7818bf,1036198,79,30.0,28.0,82.0,1.4021255,1.6830883,0.47619048,2.5434792,68.92444,3
6bba_8b7818bf,1036199,79,8.0,109.0,0.0,1.174852,3.22536,0.12698413,2.1396742,41.032837,0
6bba_8b7818bf,1036200,79,5.0,155.0,49.0,1.0601332,2.204895,0.07936508,2.5302145,67.851685,1
6bba_8b7818bf,1036201,79,6.0,154.0,44.0,1.177673,2.3815086,0.0952381,2.5434792,68.92444,1
6bba_8b7818bf,1036202,79,7.0,83.0,74.0,1.2956742,3.2089956,0.11111111,2.5368643,68.38806,0
6bba_8b7818bf,1036203,79,32.0,0.0,148.0,0.83725333,5.0955443,0.50793654,2.1396742,41.032837,0
6bba_8b7818bf,1036204,79,27.0,46.0,72.0,1.222452,1.6487023,0.42857143,2.472224,63.29248,0
6bba_8b7818bf,1036205,79,34.0,39.0,59.0,0.8802223,4.4410176,0.53968257,2.5401762,68.65625,0
6bba_8b7818bf,1036206,79,6.0,155.0,29.0,1.1446631,2.072714,0.0952381,2.5434792,68.92444,0
6bba_8b7818bf,1036207,79,9.0,50.0,245.0,0.83983666,4.8476424,0.14285715,2.5434792,68.92444,0
6bba_8b7818bf,1036208,79,9.0,136.0,155.0,1.016747,2.1998262,0.14285715,2.5434792,68.92444,0
6bba_8b7818bf,1036209,79,26.0,24.0,72.0,1.1048483,1.5188646,0.41269842,2.5201738,67.04712,2
6bba_8b7818bf,1036210,79,41.0,20.0,28.0,0.9174157,3.187699,0.6507937,2.5434792,68.92444,0
6bba_8b7818bf,1036211,79,55.0,59.0,186.0,1.097016,2.2708263,0.8730159,2.5434792,68.92444,0
6bba_8b7818bf,1036212,79,14.0,37.0,206.0,0.780964,3.7934532,0.22222222,2.5434792,68.92444,0
6bba_8b7818bf,1036213,79,5.0,166.0,255.0,1.0158182,1.8473886,0.07936508,2.1350024,40.76465,1
6bba_8b7818bf,1036214,79,0.0,88.0,148.0,0.62035507,3.3361185,0.0,2.057296,36.473633,1
6bba_8b7818bf,1036215,79,9.0,156.0,255.0,1.0032601,1.812977,0.14285715,2.1396742,41.032837,1
6bba_8b7818bf,1036216,79,0.0,90.0,139.0,0.5940578,2.7083876,0.0,2.0317688,35.13269,1
6bba_8b7818bf,1036217,80,23.0,61.0,79.0,1.8015609,2.8460848,0.36507937,2.5434792,68.92444,0
6bba_8b7818bf,1036218,80,27.0,28.0,88.0,1.7932354,2.923834,0.42857143,2.5434792,68.92444,1
6bba_8b7818bf,1036219,80,0.0,71.0,217.0,1.2124412,4.839976,0.0,2.1396742,41.032837,0
6bba_8b7818bf,1036220,80,36.0,20.0,53.0,1.3481258,3.4771764,0.5714286,2.5434792,68.92444,0
6bba_8b7818bf,1036221,80,18.0,94.0,86.0,1.5305119,2.5738058,0.2857143,2.5434792,68.92444,0
6bba_8b7818bf,1036222,80,0.0,121.0,17.0,1.2850655,4.5134597,0.0,2.1396742,41.032837,0
6bba_8b7818bf,1036223,80,18.0,55.0,65.0,1.5976461,2.5087125,0.2857143,2.5401762,68.65625,1
6bba_8b7818bf,1036224,80,29.0,107.0,229.0,1.4617015,2.482726,0.46031746,2.5434792,68.92444,0
6bba_8b7818bf,1036225,80,16.0,37.0,157.0,1.2015811,3.0517106,0.25396827,2.5401762,68.65625,0
6bba_8b7818bf,1036226,80,29.0,18.0,82.0,1.4100263,2.1453938,0.46031746,2.5434792,68.92444,1
6bba_8b7818bf,1036227,80,23.0,55.0,27.0,1.1463345,5.3497305,0.36507937,2.5434792,68.92444,0
6bba_8b7818bf,1036228,80,7.0,65.0,130.0,1.1422379,4.1242905,0.11111111,2.5434792,68.92444,0
6bba_8b7818bf,1036229,80,36.0,60.0,92.0,1.426714,2.4227207,0.5714286,2.5434792,68.92444,0
6bba_8b7818bf,1036230,80,2.0,163.0,48.0,1.32281,2.5380714,0.031746034,2.4687274,63.024292,0
6bba_8b7818bf,1036231,80,31.0,0.0,151.0,0.98569304,4.968599,0.4920635,2.1396742,41.032837,0
6bba_8b7818bf,1036232,80,14.0,75.0,38.0,1.102574,3.4839976,0.22222222,2.5434792,68.92444,0
6bba_8b7818bf,1036233,80,26.0,47.0,74.0,1.4091951,2.1212697,0.41269842,2.5401762,68.65625,1
6bba_8b7818bf,1036234,80,6.0,154.0,222.0,1.2833753,2.6122198,0.0952381,2.5434792,68.92444,0
6bba_8b7818bf,1036235,80,7.0,84.0,72.0,1.2900338,2.8646832,0.11111111,2.5401762,68.65625,0
6bba_8b7818bf,1036236,80,8.0,108.0,0.0,1.1394029,2.612964,0.12698413,2.1396742,41.032837,0
6bba_8b7818bf,1036237,80,8.0,139.0,158.0,1.0899919,2.1317387,0.12698413,2.5434792,68.92444,0
6bba_8b7818bf,1036238,80,41.0,18.0,33.0,0.9153605,3.599972,0.6507937,2.5434792,68.92444,0
6bba_8b7818bf,1036239,80,55.0,58.0,185.0,1.1147128,2.3233268,0.8730159,2.5434792,68.92444,0
6bba_8b7818bf,1036240,80,33.0,42.0,60.0,0.84760505,3.590053,0.52380955,2.5401762,68.65625,0
6bba_8b7818bf,1036241,80,9.0,49.0,248.0,0.8191712,4.615677,0.14285715,2.5434792,68.92444,0
6bba_8b7818bf,1036242,80,14.0,37.0,206.0,0.71306694,3.4758635,0.22222222,2.5434792,68.92444,0
6bba_8b7818bf,1036243,80,13.0,137.0,233.0,0.72272605,1.8438752,0.20634921,2.5401762,68.65625,1
6bba_8b7818bf,1036244,80,7.0,151.0,32.0,0.8812773,1.4081173,0.11111111,2.5335438,68.11987,2
6bba_8b7818bf,1036245,80,12.0,144.0,245.0,0.88225466,2.0287235,0.1904762,2.5434792,68.92444,1
6bba_8b7818bf,1036246,80,7.0,152.0,39.0,0.8915621,1.2338889,0.11111111,2.4687274,63.024292,2
6bba_8b7818bf,1036247,80,7.0,152.0,24.0,0.7986062,1.600406,0.11111111,2.5134354,66.51074,2
6bba_8b7818bf,1036248,80,5.0,167.0,255.0,0.9837676,1.7555854,0.07936508,2.1350024,40.76465,0
6bba_8b7818bf,1036249,81,30.0,29.0,48.0,1.7280009,4.138942,0.47619048,2.5434792,68.92444,0
6bba_8b7818bf,1036250,81,14.0,59.0,76.0,1.9091814,2.8217604,0.22222222,2.5434792,68.92444,0
6bba_8b7818bf,1036251,81,32.0,19.0,62.0,1.5349236,3.2005982,0.50793654,2.5434792,68.92444,0
6bba_8b7818bf,1036252,81,24.0,28.0,97.0,1.6194944,3.1323946,0.3809524,2.5434792,68.92444,0
6bba_8b7818bf,1036253,81,27.0,107.0,233.0,1.4946841,2.486537,0.42857143,2.5434792,68.92444,0
6bba_8b7818bf,1036254,81,12.0,74.0,45.0,1.3487513,4.5045156,0.1904762,2.5434792,68.92444,0
6bba_8b7818bf,1036255,81,0.0,160.0,52.0,1.2097871,2.946152,0.0,2.1396742,41.032837,0
6bba_8b7818bf,1036256,81,15.0,96.0,87.0,1.436268,2.429455,0.23809524,2.5434792,68.92444,0
6bba_8b7818bf,1036257,81,20.0,55.0,32.0,1.1919584,5.707223,0.31746033,2.5434792,68.92444,0
6bba_8b7818bf,1036258,81,28.0,0.0,156.0,1.1831369,2.8575723,0.44444445,2.1396742,41.032837,0
6bba_8b7818bf,1036259,81,12.0,42.0,159.0,1.1458733,2.985785,0.1904762,2.5434792,68.92444,0
6bba_8b7818bf,1036260,81,35.0,57.0,93.0,1.4158765,2.2497647,0.5555556,2.5434792,68.92444,0
6bba_8b7818bf,1036261,81,54.0,57.0,186.0,1.2759587,2.6383018,0.85714287,2.5434792,68.92444,0
6bba_8b7818bf,1036262,81,37.0,21.0,31.0,1.0764645,4.3576064,0.5873016,2.5434792,68.92444,0
6bba_8b7818bf,1036263,81,0.0,73.0,224.0,0.8854751,4.5746245,0.0,2.1350024,40.76465,0
6bba_8b7818bf,1036264,81,24.0,45.0,81.0,1.3511399,2.712851,0.3809524,2.5401762,68.65625,0
6bba_8b7818bf,1036265,81,30.0,37.0,65.0,1.084909,3.6293106,0.47619048,2.5401762,68.65625,0
6bba_8b7818bf,1036266,81,28.0,18.0,86.0,1.197553,2.2191255,0.44444445,2.5401762,68.65625,0
6bba_8b7818bf,1036267,81,5.0,87.0,73.0,1.3153441,2.5038085,0.07936508,2.5401762,68.65625,0
6bba_8b7818bf,1036268,81,0.0,123.0,18.0,0.9636687,2.6986122,0.0,2.0723133,37.2782,0
6bba_8b7818bf,1036269,81,6.0,52.0,255.0,0.8846926,4.744053,0.0952381,2.1396742,41.032837,0
6bba_8b7818bf,1036270,81,0.0,171.0,255.0,1.0631868,2.2772207,0.0,1.7994134,24.405151,0
6bba_8b7818bf,1036271,81,3.0,71.0,137.0,0.9654581,3.4056063,0.04761905,2.5401762,68.65625,0
6bba_8b7818bf,1036272,81,13.0,77.0,30.0,0.81078166,2.1286178,0.20634921,2.5368643,68.38806,0
6bba_8b7818bf,1036273,81,6.0,110.0,7.0,1.1037157,2.5953317,0.0952381,2.5434792,68.92444,0
6bba_8b7818bf,1036274,81,11.0,139.0,236.0,0.7998484,2.3196962,0.17460318,2.5434792,68.92444,0
6bba_8b7818bf,1036275,81,56.0,0.0,0.0,0.9452742,4.496626,0.8888889,1.7994134,24.405151,0
6bba_8b7818bf,1036276,81,6.0,144.0,169.0,1.1335288,1.8523837,0.0952381,2.5434792,68.92444,3
6bba_8b7818bf,1036277,81,11.0,40.0,212.0,0.7239866,3.6000347,0.17460318,2.5434792,68.92444,0
6bba_8b7818bf,1036278,81,0.0,163.0,222.0,1.0116603,1.6624072,0.0,2.1396742,41.032837,1
6bba_8b7818bf,1036279,81,6.0,143.0,161.0,1.1032635,1.7454858,0.0952381,2.5401762,68.65625,4
6bba_8b7818bf,1036280,81,6.0,154.0,226.0,1.0514239,1.9886596,0.0952381,2.5401762,68.65625,1
6bba_8b7818bf,1036281,81,7.0,140.0,156.0,0.9732102,1.6446652,0.11111111,2.5401762,68.65625,4
6bba_8b7818bf,1036282,81,8.0,136.0,156.0,0.9271113,1.6017889,0.12698413,2.5401762,68.65625,3
6bba_8b7818bf,1036283,81,9.0,132.0,165.0,0.915904,1.6115786,0.14285715,2.5401762,68.65625,4
6bba_8b7818bf,1036284,81,20.0,15.0,175.0,0.729266,3.3017411,0.31746033,2.5401762,68.65625,0
6bba_8b7818bf,1036285,81,40.0,0.0,69.0,0.80052316,2.402392,0.63492066,2.1396742,41.032837,0
6bba_8b7818bf,1036286,82,13.0,61.0,76.0,1.9526954,3.1737828,0.20634921,2.5434792,68.92444,1
6bba_8b7818bf,1036287,82,25.0,27.0,98.0,1.6194671,2.9875498,0.3968254,2.5434792,68.92444,1
6bba_8b7818bf,1036288,82,30.0,26.0,55.0,1.4689721,3.586487,0.47619048,2.5434792,68.92444,1
6bba_8b7818bf,1036289,82,20.0,54.0,37.0,1.2912533,6.0435205,0.31746033,2.5434792,68.92444,0
6bba_8b7818bf,1036290,82,12.0,41.0,161.0,1.285764,3.0497415,0.1904762,2.5434792,68.92444,0
6bba_8b7818bf,1036291,82,26.0,109.0,231.0,1.441584,2.2354422,0.41269842,2.5434792,68.92444,0
6bba_8b7818bf,1036292,82,11.0,76.0,46.0,1.3189336,3.7933736,0.17460318,2.5434792,68.92444,1
6bba_8b7818bf,1036293,82,32.0,20.0,63.0,1.3903837,3.032501,0.50793654,2.5434792,68.92444,1
6bba_8b7818bf,1036294,82,28.0,0.0,159.0,1.2724233,2.6987298,0.44444445,2.1350024,40.76465,0
6bba_8b7818bf,1036295,82,0.0,164.0,53.0,1.1900795,2.8444138,0.0,2.1396742,41.032837,0
6bba_8b7818bf,1036296,82,23.0,41.0,86.0,1.4270977,3.2629156,0.36507937,2.5434792,68.92444,0
6bba_8b7818bf,1036297,82,22.0,58.0,87.0,1.6427586,2.112544,0.34920636,2.5401762,68.65625,1
6bba_8b7818bf,1036298,82,15.0,95.0,88.0,1.3744954,2.4173756,0.23809524,2.5434792,68.92444,0
6bba_8b7818bf,1036299,82,30.0,37.0,67.0,1.1112374,4.2064233,0.47619048,2.5401762,68.65625,0
6bba_8b7818bf,1036300,82,37.0,22.0,33.0,1.0475328,3.7308984,0.5873016,2.5434792,68.92444,0
6bba_8b7818bf,1036301,82,35.0,57.0,96.0,1.3368727,1.9788948,0.5555556,2.5434792,68.92444,0
6bba_8b7818bf,1036302,82,0.0,73.0,228.0,0.8146307,4.841951,0.0,2.1350024,40.76465,0
6bba_8b7818bf,1036303,82,54.0,56.0,185.0,1.1622962,2.4301083,0.85714287,2.5434792,68.92444,0
6bba_8b7818bf,1036304,82,4.0,87.0,75.0,1.2406331,2.332823,0.06349207,2.5032594,65.70618,0
6bba_8b7818bf,1036305,82,28.0,17.0,88.0,1.1203074,1.9514685,0.44444445,2.5368643,68.38806,1
6bba_8b7818bf,1036306,82,0.0,123.0,18.0,0.9276059,2.3699524,0.0,2.0673318,37.01001,1
6bba_8b7818bf,1036307,82,8.0,105.0,3.0,1.0137635,1.9297075,0.12698413,2.5168092,66.77893,2
6bba_8b7818bf,1036308,82,1.0,72.0,139.0,0.94916886,2.7270021,0.015873017,2.3316977,53.10132,1
6bba_8b7818bf,1036309,82,55.0,0.0,0.0,1.0273565,4.115846,0.8730159,1.7994134,24.405151,0
6bba_8b7818bf,1036310,82,0.0,171.0,255.0,1.00543,2.5107162,0.0,1.7994134,24.405151,0
6bba_8b7818bf,1036311,82,4.0,113.0,9.0,1.1382008,2.359423,0.06349207,2.5434792,68.92444,3
6bba_8b7818bf,1036312,82,6.0,53.0,255.0,0.8540381,4.4942474,0.0952381,2.1396742,41.032837,0
6bba_8b7818bf,1036313,82,6.0,110.0,5.0,1.1149641,2.2458482,0.0952381,2.5302145,67.851685,2
6bba_8b7818bf,1036314,82,0.0,161.0,225.0,1.0640093,1.9566718,0.0,2.1396742,41.032837,0
6bba_8b7818bf,1036315,82,13.0,77.0,34.0,0.8123162,1.7758353,0.20634921,2.5235295,67.31531,1
6bba_8b7818bf,1036316,82,18.0,17.0,177.0,0.7741684,3.6757479,0.2857143,2.5434792,68.92444,0
6bba_8b7818bf,1036317,82,9.0,132.0,167.0,0.9479732,1.6967498,0.14285715,2.5368643,68.38806,1
6bba_8b7818bf,1036318,82,8.0,134.0,158.0,0.90146774,1.7132642,0.12698413,2.5401762,68.65625,1
6bba_8b7818bf,1036319,82,5.0,64.0,147.0,0.8032325,2.213116,0.07936508,2.5335438,68.11987,1
6bba_8b7818bf,1036320,82,22.0,67.0,0.0,0.6618951,7.175637,0.34920636,2.1396742,41.032837,0
6bba_8b7818bf,1036321,82,40.0,0.0,70.0,0.77272236,2.7397747,0.63492066,2.1396742,41.032837,0
6bba_8b7818bf,1036322,83,13.0,61.0,79.0,1.9648937,2.9594646,0.20634921,2.5434792,68.92444,1
6bba_8b7818bf,1036323,83,20.0,61.0,88.0,1.7252243,2.109569,0.31746033,2.5401762,68.65625,1
6bba_8b7818bf,1036324,83,22.0,44.0,86.0,1.5343801,4.0077486,0.34920636,2.5434792,68.92444,0
6bba_8b7818bf,1036325,83,24.0,29.0,100.0,1.54208,3.172827,0.3809524,2.5434792,68.92444,0
6bba_8b7818bf,1036326,83,26.0,109.0,235.0,1.4901445,2.3516119,0.41269842,2.5434792,68.92444,0
6bba_8b7818bf,1036327,83,11.0,43.0,162.0,1.2291015,3.2001274,0.17460318,2.5434792,68.92444,0
6bba_8b7818bf,1036328,83,31.0,20.0,67.0,1.2956421,3.5657067,0.4920635,2.5434792,68.92444,0
6bba_8b7818bf,1036329,83,11.0,76.0,50.0,1.2579921,3.7252004,0.17460318,2.5434792,68.92444,0
6bba_8b7818bf,1036330,83,20.0,53.0,42.0,1.1825689,6.2214265,0.31746033,2.5434792,68.92444,0
6bba_8b7818bf,1036331,83,15.0,97.0,91.0,1.3477879,2.4658947,0.23809524,2.5434792,68.92444,0
6bba_8b7818bf,1036332,83,26.0,6.0,158.0,1.189296,3.8770137,0.41269842,2.5434792,68.92444,1
6bba_8b7818bf,1036333,83,0.0,162.0,55.0,1.1372933,3.0217967,0.0,2.1396742,41.032837,0
6bba_8b7818bf,1036334,83,28.0,0.0,163.0,1.1997684,2.2491722,0.44444445,2.1350024,40.76465,1
6bba_8b7818bf,1036335,83,29.0,38.0,68.0,1.1162063,4.408632,0.46031746,2.5434792,68.92444,0
6bba_8b7818bf,1036336,83,53.0,57.0,189.0,1.183907,2.6386635,0.84126985,2.5434792,68.92444,0
6bba_8b7818bf,1036337,83,36.0,23.0,34.0,0.9942959,3.5841048,0.5714286,2.5434792,68.92444,0
6bba_8b7818bf,1036338,83,35.0,57.0,98.0,1.2359793,1.8938003,0.5555556,2.5434792,68.92444,0
6bba_8b7818bf,1036339,83,0.0,162.0,152.0,0.55525637,4.184177,0.0,2.1350024,40.76465,0
6bba_8b7818bf,1036340,83,0.0,74.0,230.0,0.7084829,4.775858,0.0,2.13031,40.49646,0
6bba_8b7818bf,1036341,83,0.0,125.0,17.0,0.8787781,2.190289,0.0,2.0471616,35.937256,0
6bba_8b7818bf,1036342,83,28.0,17.0,90.0,0.9860068,2.267524,0.44444445,2.5302145,67.851685,0
6bba_8b7818bf,1036343,83,6.0,111.0,6.0,1.1445854,2.4212482,0.0952381,2.5302145,67.851685,0
6bba_8b7818bf,1036344,83,56.0,0.0,0.0,1.0685265,3.494574,0.8888889,1.7994134,24.405151,0
6bba_8b7818bf,1036345,83,0.0,74.0,142.0,0.89135903,2.1749349,0.0,2.1396742,41.032837,2
6bba_8b7818bf,1036346,83,6.0,52.0,255.0,0.80055386,3.5921133,0.0952381,2.1396742,41.032837,0
6bba_8b7818bf,1036347,83,4.0,89.0,73.0,1.193767,2.3622227,0.06349207,2.5201738,67.04712,1
6bba_8b7818bf,1036348,83,9.0,132.0,173.0,0.9925467,1.9521906,0.14285715,2.5401762,68.65625,0
6bba_8b7818bf,1036349,83,4.0,87.0,78.0,1.1154116,1.9950325,0.06349207,2.5168092,66.77893,1
6bba_8b7818bf,1036350,83,21.0,68.0,0.0,0.7602489,7.3153696,0.33333334,2.1396742,41.032837,0
6bba_8b7818bf,1036351,83,5.0,146.0,168.0,1.1994119,1.9274698,0.07936508,2.5401762,68.65625,0
6bba_8b7818bf,1036352,83,5.0,66.0,143.0,0.8646536,2.4260585,0.07936508,2.5168092,66.77893,2
6bba_8b7818bf,1036353,83,18.0,17.0,180.0,0.7606638,3.568649,0.2857143,2.5434792,68.92444,0
6bba_8b7818bf,1036354,83,37.0,25.0,13.0,0.82307595,2.87966,0.5873016,2.5434792,68.92444,0
6bba_8b7818bf,1036355,83,0.0,168.0,215.0,0.5937893,2.0089638,0.0,2.125597,40.22827,0
6bba_8b7818bf,1036356,83,5.0,156.0,232.0,1.0420252,2.3971057,0.07936508,2.5401762,68.65625,0
6bba_8b7818bf,1036357,83,9.0,43.0,210.0,0.70879686,3.4918308,0.14285715,2.5434792,68.92444,0
6bba_8b7818bf,1036358,83,4.0,65.0,151.0,0.81068116,2.2169688,0.06349207,2.5401762,68.65625,2
6bba_8b7818bf,1036359,83,43.0,6.0,64.0,0.69931126,2.0994134,0.6825397,2.5368643,68.38806,0
6bba_8b7818bf,1036360,84,12.0,63.0,79.0,1.8714994,3.0224435,0.1904762,2.5434792,68.92444,1
6bba_8b7818bf,1036361,84,20.0,62.0,87.0,1.702047,2.236937,0.31746033,2.5434792,68.92444,2
6bba_8b7818bf,1036362,84,30.0,21.0,67.0,1.4396293,3.7952926,0.47619048,2.5434792,68.92444,0
6bba_8b7818bf,1036363,84,26.0,110.0,236.0,1.5125089,2.4003034,0.41269842,2.5434792,68.92444,0
6bba_8b7818bf,1036364,84,0.0,160.0,54.0,1.2427738,3.4383245,0.0,2.1396742,41.032837,0
6bba_8b7818bf,1036365,84,11.0,43.0,161.0,1.2598234,3.2536752,0.17460318,2.5434792,68.92444,0
6bba_8b7818bf,1036366,84,20.0,29.0,108.0,1.3303282,3.2410512,0.31746033,2.5434792,68.92444,0
6bba_8b7818bf,1036367,84,10.0,77.0,52.0,1.2605863,3.791641,0.15873016,2.5434792,68.92444,0
6bba_8b7818bf,1036368,84,15.0,97.0,90.0,1.2874172,2.195867,0.23809524,2.5434792,68.92444,0
6bba_8b7818bf,1036369,84,26.0,0.0,166.0,1.1346314,2.9175954,0.41269842,2.1396742,41.032837,0
6bba_8b7818bf,1036370,84,20.0,53.0,44.0,1.0927321,6.2183127,0.31746033,2.5434792,68.92444,0
6bba_8b7818bf,1036371,84,22.0,44.0,89.0,1.3426956,3.0212495,0.34920636,2.5434792,68.92444,1
6bba_8b7818bf,1036372,84,0.0,73.0,139.0,0.98786396,2.8512838,0.0,2.1396742,41.032837,0
6bba_8b7818bf,1036373,84,7.0,107.0,6.0,1.0475969,2.0141406,0.11111111,2.5201738,67.04712,1
6bba_8b7818bf,1036374,84,53.0,57.0,190.0,1.1255959,2.5766637,0.84126985,2.5434792,68.92444,0
6bba_8b7818bf,1036375,84,0.0,91.0,76.0,1.2435561,3.199585,0.0,2.1350024,40.76465,0
6bba_8b7818bf,1036376,84,26.0,36.0,89.0,1.0819085,1.8581302,0.41269842,2.5401762,68.65625,1
6bba_8b7818bf,1036377,84,5.0,112.0,8.0,1.140708,2.4438438,0.07936508,2.5434792,68.92444,1
6bba_8b7818bf,1036378,84,29.0,39.0,67.0,0.9743017,3.4318535,0.46031746,2.5401762,68.65625,0
6bba_8b7818bf,1036379,84,34.0,59.0,100.0,1.0952165,1.7711521,0.53968257,2.5434792,68.92444,0
6bba_8b7818bf,1036380,84,34.0,63.0,82.0,1.0791043,1.7589618,0.53968257,2.5434792,68.92444,1
6bba_8b7818bf,1036381,84,21.0,69.0,0.0,0.75088215,5.969962,0.33333334,2.1396742,41.032837,0
6bba_8b7818bf,1036382,84,35.0,25.0,33.0,0.8338951,3.185505,0.5555556,2.5434792,68.92444,0
6bba_8b7818bf,1036383,84,4.0,55.0,255.0,0.77013713,6.674122,0.06349207,2.1396742,41.032837,0
6bba_8b7818bf,1036384,84,0.0,73.0,229.0,0.55834025,4.800112,0.0,2.1161075,39.691895,0
6bba_8b7818bf,1036385,84,27.0,16.0,90.0,0.8762627,2.3106356,0.42857143,2.5335438,68.11987,0
6bba_8b7818bf,1036386,84,0.0,162.0,230.0,1.0108932,1.8625784,0.0,2.1396742,41.032837,0
6bba_8b7818bf,1036387,84,53.0,0.0,0.0,0.95672756,2.886548,0.84126985,1.7994134,24.405151,0
6bba_8b7818bf,1036388,84,0.0,126.0,14.0,0.8067906,1.6446095,0.0,2.0420563,35.669067,0
6bba_8b7818bf,1036389,84,16.0,17.0,180.0,0.7399755,3.668043,0.25396827,2.5434792,68.92444,0
6bba_8b7818bf,1036390,84,8.0,44.0,212.0,0.72363496,3.463421,0.12698413,2.5434792,68.92444,0
6bba_8b7818bf,1036391,84,36.0,27.0,11.0,0.8107635,2.968815,0.5714286,2.5434792,68.92444,0
6bba_8b7818bf,1036392,84,0.0,171.0,255.0,0.9150674,2.0507255,0.0,1.7994134,24.405151,0
6bba_8b7818bf,1036393,84,8.0,133.0,172.0,0.88062876,1.8906305,0.12698413,2.5401762,68.65625,0
6bba_8b7818bf,1036394,84,0.0,159.0,153.0,0.572394,2.3968337,0.0,2.1350024,40.76465,0
6bba_8b7818bf,1036395,84,38.0,0.0,77.0,0.74967015,2.198248,0.6031746,2.1396742,41.032837,0
6bba_8b7818bf,1036396,85,12.0,62.0,80.0,1.9189181,3.3236,0.1904762,2.5434792,68.92444,1
6bba_8b7818bf,1036397,85,29.0,23.0,65.0,1.4091905,3.5202243,0.46031746,2.5434792,68.92444,0
6bba_8b7818bf,1036398,85,10.0,44.0,161.0,1.3263459,3.1369958,0.15873016,2.5434792,68.92444,0
6bba_8b7818bf,1036399,85,0.0,159.0,53.0,1.1977124,3.035019,0.0,2.1396742,41.032837,0
6bba_8b7818bf,1036400,85,22.0,43.0,88.0,1.4448221,3.2684095,0.34920636,2.5434792,68.92444,1
6bba_8b7818bf,1036401,85,24.0,110.0,236.0,1.392672,2.2945502,0.3809524,2.5434792,68.92444,0
6bba_8b7818bf,1036402,85,14.0,97.0,91.0,1.331461,2.2774005,0.22222222,2.5434792,68.92444,0
6bba_8b7818bf,1036403,85,26.0,0.0,167.0,1.167288,3.0409708,0.41269842,2.1396742,41.032837,0
6bba_8b7818bf,1036404,85,20.0,29.0,110.0,1.1752983,3.826532,0.31746033,2.5434792,68.92444,0
6bba_8b7818bf,1036405,85,20.0,51.0,45.0,1.1116302,5.6470633,0.31746033,2.5434792,68.92444,0
6bba_8b7818bf,1036406,85,19.0,62.0,87.0,1.5029366,1.6364155,0.3015873,2.5201738,67.04712,1
6bba_8b7818bf,1036407,85,12.0,71.0,52.0,1.2341893,3.0720193,0.1904762,2.5335438,68.11987,0
6bba_8b7818bf,1036408,85,26.0,34.0,92.0,1.1836923,2.3107364,0.41269842,2.5401762,68.65625,1
6bba_8b7818bf,1036409,85,0.0,73.0,142.0,1.0035288,3.1398144,0.0,2.1396742,41.032837,0
6bba_8b7818bf,1036410,85,0.0,160.0,231.0,1.1954033,2.8124886,0.0,2.1396742,41.032837,0
6bba_8b7818bf,1036411,85,0.0,90.0,78.0,1.2690939,3.4186625,0.0,2.1396742,41.032837,0
6bba_8b7818bf,1036412,85,7.0,106.0,5.0,1.018793,2.02179,0.11111111,2.4791882,63.828857,1
6bba_8b7818bf,1036413,85,53.0,57.0,189.0,1.1046062,2.4005022,0.84126985,2.5434792,68.92444,0
6bba_8b7818bf,1036414,85,33.0,62.0,98.0,1.1656665,1.976414,0.52380955,2.5434792,68.92444,0
6bba_8b7818bf,1036415,85,2.0,113.0,12.0,1.0953751,2.1167202,0.031746034,2.4687274,63.024292,1
6bba_8b7818bf,1036416,85,34.0,62.0,83.0,1.1280392,1.9087996,0.53968257,2.5434792,68.92444,0
6bba_8b7818bf,1036417,85,28.0,42.0,68.0,0.9568788,3.6266515,0.44444445,2.5401762,68.65625,0
6bba_8b7818bf,1036418,85,52.0,0.0,0.0,0.9825105,3.2215643,0.82539684,1.7994134,24.405151,0
6bba_8b7818bf,1036419,85,0.0,56.0,255.0,0.7187871,5.0282264,0.0,1.7994134,24.405151,0
6bba_8b7818bf,1036420,85,8.0,44.0,205.0,0.7260828,3.1674984,0.12698413,2.5401762,68.65625,1
6bba_8b7818bf,1036421,85,20.0,69.0,0.0,0.7215471,7.1620116,0.31746033,2.1396742,41.032837,0
6bba_8b7818bf,1036422,85,0.0,153.0,173.0,1.0286293,1.5734894,0.0,2.1396742,41.032837,0
6bba_8b7818bf,1036423,85,9.0,139.0,240.0,0.70482814,2.230421,0.14285715,2.5235295,67.31531,1
6bba_8b7818bf,1036424,85,8.0,44.0,220.0,0.7283754,3.2284057,0.12698413,2.5401762,68.65625,1
6bba_8b7818bf,1036425,85,38.0,0.0,75.0,0.8126823,2.5398197,0.6031746,2.1350024,40.76465,0
6bba_8b7818bf,1036426,85,34.0,26.0,34.0,0.79783434,2.94167,0.53968257,2.5434792,68.92444,1
6bba_8b7818bf,1036427,85,26.0,15.0,101.0,0.8057992,2.4253962,0.41269842,2.5434792,68.92444,0
6bba_8b7818bf,1036428,85,37.0,37.0,39.0,0.5870006,2.3275537,0.5873016,2.5401762,68.65625,1
6bba_8b7818bf,1036429,85,9.0,142.0,245.0,0.8057489,2.1818898,0.14285715,2.5434792,68.92444,1
6bba_8b7818bf,1036430,86,26.0,21.0,72.0,1.5695958,3.963391,0.41269842,2.5434792,68.92444,0
6bba_8b7818bf,1036431,86,11.0,59.0,77.0,1.7275032,3.5854712,0.17460318,2.5434792,68.92444,0
6bba_8b7818bf,1036432,86,19.0,46.0,50.0,1.2743008,6.2475033,0.3015873,2.5434792,68.92444,0
6bba_8b7818bf,1036433,86,29.0,64.0,100.0,1.4702508,2.567205,0.46031746,2.5434792,68.92444,2
6bba_8b7818bf,1036434,86,30.0,64.0,88.0,1.4506721,2.543574,0.47619048,2.5434792,68.92444,1
6bba_8b7818bf,1036435,86,7.0,49.0,156.0,1.2667379,2.7604234,0.11111111,2.5434792,68.92444,0
6bba_8b7818bf,1036436,86,20.0,11.0,169.0,1.1524359,3.1624465,0.31746033,2.5434792,68.92444,1
6bba_8b7818bf,1036437,86,21.0,113.0,233.0,1.225489,2.4442174,0.33333334,2.5434792,68.92444,0
6bba_8b7818bf,1036438,86,8.0,77.0,58.0,1.2706382,3.3637507,0.12698413,2.5401762,68.65625,0
6bba_8b7818bf,1036439,86,0.0,158.0,233.0,1.237795,2.6297882,0.0,2.1396742,41.032837,0
6bba_8b7818bf,1036440,86,52.0,0.0,0.0,1.1987695,4.081433,0.82539684,1.7994134,24.405151,0
6bba_8b7818bf,1036441,86,22.0,34.0,97.0,1.1995441,2.8212712,0.34920636,2.5434792,68.92444,0
6bba_8b7818bf,1036442,86,50.0,59.0,196.0,1.2495478,2.6205502,0.7936508,2.5434792,68.92444,0
6bba_8b7818bf,1036443,86,18.0,46.0,87.0,1.4016871,3.1266997,0.2857143,2.5434792,68.92444,1
6bba_8b7818bf,1036444,86,11.0,100.0,91.0,1.2545487,2.1172059,0.17460318,2.5434792,68.92444,0
6bba_8b7818bf,1036445,86,17.0,57.0,97.0,1.2783015,2.605718,0.26984128,2.5434792,68.92444,2
6bba_8b7818bf,1036446,86,0.0,153.0,175.0,1.1127068,2.1293054,0.0,2.1396742,41.032837,1
6bba_8b7818bf,1036447,86,16.0,33.0,111.0,1.0240998,2.9405541,0.25396827,2.5434792,68.92444,0
6bba_8b7818bf,1036448,86,0.0,73.0,144.0,0.8203458,4.0140424,0.0,2.1350024,40.76465,0
6bba_8b7818bf,1036449,86,0.0,111.0,13.0,1.0380267,1.8763214,0.0,2.1396742,41.032837,1
6bba_8b7818bf,1036450,86,24.0,0.0,175.0,1.0174446,1.9552987,0.3809524,2.1350024,40.76465,1
6bba_8b7818bf,1036451,86,5.0,106.0,7.0,1.0452038,2.3124733,0.07936508,2.5401762,68.65625,1
6bba_8b7818bf,1036452,86,13.0,26.0,255.0,0.84313726,4.9467793,0.20634921,2.1396742,41.032837,0
6bba_8b7818bf,1036453,86,0.0,92.0,81.0,1.0939735,1.9657954,0.0,2.0968692,38.61914,0
6bba_8b7818bf,1036454,86,47.0,0.0,30.0,0.82813984,4.1480775,0.74603176,2.1396742,41.032837,0
6bba_8b7818bf,1036455,86,28.0,32.0,36.0,0.8552776,3.4295936,0.44444445,2.5434792,68.92444,0
6bba_8b7818bf,1036456,86,19.0,69.0,0.0,0.76137656,6.031638,0.3015873,2.1396742,41.032837,0
6bba_8b7818bf,1036457,86,0.0,161.0,42.0,0.76724505,2.3559744,0.0,2.1350024,40.76465,0
6bba_8b7818bf,1036458,86,50.0,58.0,31.0,0.8947224,2.4557815,0.7936508,2.5434792,68.92444,0
6bba_8b7818bf,1036459,86,0.0,167.0,28.0,0.731888,2.0978305,0.0,2.1350024,40.76465,0
6bba_8b7818bf,1036460,86,33.0,24.0,19.0,0.8298304,2.3607082,0.52380955,2.5434792,68.92444,1
6bba_8b7818bf,1036461,86,27.0,41.0,72.0,0.8916899,2.6284902,0.42857143,2.5401762,68.65625,0
6bba_8b7818bf,1036462,86,35.0,5.0,69.0,0.84629893,2.8787692,0.5555556,2.5434792,68.92444,0
6bba_8b7818bf,1036463,86,36.0,16.0,17.0,0.7580515,2.3890824,0.5714286,2.5235295,67.31531,1
6bba_8b7818bf,1036464,86,0.0,143.0,164.0,0.87201965,1.5097079,0.0,2.1396742,41.032837,1
6bba_8b7818bf,1036465,86,23.0,18.0,101.0,0.7787581,2.5336306,0.36507937,2.5434792,68.92444,0
6bba_8b7818bf,1036466,86,7.0,141.0,246.0,0.694041,1.845517,0.11111111,2.5434792,68.92444,0
6bba_8b7818bf,1036467,86,5.0,166.0,247.0,0.95128417,1.7117665,0.07936508,2.4687274,63.024292,0
6bba_8b7818bf,1036468,86,10.0,21.0,235.0,0.6601953,2.8534508,0.15873016,2.5335438,68.11987,0
6bba_8b7818bf,1036469,87,25.0,22.0,72.0,2.270277,4.133876,0.3968254,2.5434792,68.92444,1
6bba_8b7818bf,1036470,87,12.0,56.0,78.0,1.9245676,4.0564947,0.1904762,2.5434792,68.92444,1
6bba_8b7818bf,1036471,87,50.0,0.0,0.0,1.3911804,4.9753203,0.7936508,1.7994134,24.405151,0
6bba_8b7818bf,1036472,87,18.0,46.0,49.0,1.2648062,6.149512,0.2857143,2.5434792,68.92444,0
6bba_8b7818bf,1036473,87,50.0,59.0,196.0,1.3633016,2.7443917,0.7936508,2.5434792,68.92444,0
6bba_8b7818bf,1036474,87,16.0,56.0,98.0,1.3759431,3.383315,0.25396827,2.5434792,68.92444,1
6bba_8b7818bf,1036475,87,30.0,64.0,88.0,1.4140818,2.470403,0.47619048,2.5434792,68.92444,0
6bba_8b7818bf,1036476,87,8.0,76.0,57.0,1.2688615,3.0896401,0.12698413,2.5401762,68.65625,0
6bba_8b7818bf,1036477,87,19.0,12.0,169.0,1.1198783,3.1801004,0.3015873,2.5434792,68.92444,1
6bba_8b7818bf,1036478,87,7.0,49.0,158.0,1.1563134,2.4995537,0.11111111,2.5434792,68.92444,0
6bba_8b7818bf,1036479,87,0.0,152.0,176.0,1.1974822,2.1074402,0.0,2.1396742,41.032837,0
6bba_8b7818bf,1036480,87,0.0,158.0,233.0,1.1423256,2.8149133,0.0,2.1396742,41.032837,0
6bba_8b7818bf,1036481,87,12.0,26.0,255.0,0.9907791,4.357041,0.1904762,2.1396742,41.032837,0
6bba_8b7818bf,1036482,87,21.0,113.0,233.0,1.1187958,2.31653,0.33333334,2.5434792,68.92444,0
6bba_8b7818bf,1036483,87,47.0,0.0,27.0,0.9746309,4.3026032,0.74603176,2.1396742,41.032837,0
6bba_8b7818bf,1036484,87,0.0,111.0,12.0,1.0917872,2.0036292,0.0,2.1396742,41.032837,1
6bba_8b7818bf,1036485,87,11.0,100.0,90.0,1.1783445,1.955298,0.17460318,2.5401762,68.65625,0
6bba_8b7818bf,1036486,87,18.0,47.0,88.0,1.3135127,2.149308,0.2857143,2.5401762,68.65625,3
6bba_8b7818bf,1036487,87,23.0,34.0,94.0,1.0337726,2.412677,0.36507937,2.5401762,68.65625,1
6bba_8b7818bf,1036488,87,30.0,9.0,73.0,1.1237829,1.4614152,0.47619048,2.5401762,68.65625,1
6bba_8b7818bf,1036489,87,0.0,73.0,149.0,0.72757673,3.7853284,0.0,2.0772712,37.546387,0
6bba_8b7818bf,1036490,87,5.0,105.0,7.0,1.028402,2.2431846,0.07936508,2.5134354,66.51074,1
6bba_8b7818bf,1036491,87,15.0,36.0,112.0,0.9555772,3.353017,0.23809524,2.5434792,68.92444,0
6bba_8b7818bf,1036492,87,21.0,40.0,88.0,1.1204673,2.1532605,0.33333334,2.5434792,68.92444,2
6bba_8b7818bf,1036493,87,8.0,141.0,252.0,0.90399885,2.4995787,0.12698413,2.5268764,67.583496,1
6bba_8b7818bf,1036494,87,7.0,140.0,250.0,0.8854287,2.6235569,0.11111111,2.5401762,68.65625,1
6bba_8b7818bf,1036495,87,18.0,69.0,0.0,0.8058931,6.633274,0.2857143,2.1396742,41.032837,0
6bba_8b7818bf,1036496,87,22.0,5.0,173.0,0.9733793,2.0776987,0.34920636,2.5401762,68.65625,1
6bba_8b7818bf,1036497,87,36.0,18.0,8.0,0.8328858,2.7403936,0.5714286,2.5401762,68.65625,0
6bba_8b7818bf,1036498,87,0.0,162.0,42.0,0.77342814,2.4605582,0.0,2.0420563,35.669067,0
6bba_8b7818bf,1036499,88,24.0,22.0,77.0,2.171494,5.147808,0.3809524,2.5434792,68.92444,0
6bba_8b7818bf,1036500,88,12.0,58.0,79.0,2.0585895,4.88445,0.1904762,2.5434792,68.92444,0
6bba_8b7818bf,1036501,88,51.0,0.0,0.0,1.4409535,3.624567,0.8095238,1.7994134,24.405151,0
6bba_8b7818bf,1036502,88,18.0,13.0,172.0,1.2885817,3.490425,0.2857143,2.5434792,68.92444,0
6bba_8b7818bf,1036503,88,45.0,0.0,29.0,1.2209948,3.5492878,0.71428573,2.1396742,41.032837,0
6bba_8b7818bf,1036504,88,7.0,142.0,255.0,1.1544845,3.0041776,0.11111111,2.1350024,40.76465,0
6bba_8b7818bf,1036505,88,12.0,26.0,255.0,1.2476525,2.7300978,0.1904762,2.1396742,41.032837,0
6bba_8b7818bf,1036506,88,49.0,61.0,196.0,1.3472718,2.8437862,0.7777778,2.5434792,68.92444,0
6bba_8b7818bf,1036507,88,0.0,154.0,177.0,1.2146046,2.299907,0.0,2.1396742,41.032837,0
6bba_8b7818bf,1036508,88,6.0,80.0,61.0,1.3823094,3.2167652,0.0952381,2.5434792,68.92444,1
6bba_8b7818bf,1036509,88,7.0,79.0,57.0,1.3363978,2.8329363,0.11111111,2.5368643,68.38806,1
6bba_8b7818bf,1036510,88,16.0,55.0,102.0,1.2139804,3.716491,0.25396827,2.5401762,68.65625,0
6bba_8b7818bf,1036511,88,20.0,115.0,234.0,1.1892731,2.5559578,0.31746033,2.5434792,68.92444,0
6bba_8b7818bf,1036512,88,6.0,52.0,157.0,1.2041386,2.6353025,0.0952381,2.5401762,68.65625,0
6bba_8b7818bf,1036513,88,18.0,45.0,53.0,1.1299163,6.1301274,0.2857143,2.5434792,68.92444,0
6bba_8b7818bf,1036514,88,30.0,64.0,90.0,1.3153715,2.483729,0.47619048,2.5434792,68.92444,0
6bba_8b7818bf,1036515,88,28.0,64.0,107.0,1.2377697,2.4048083,0.44444445,2.5434792,68.92444,0
6bba_8b7818bf,1036516,88,0.0,111.0,13.0,1.1005937,2.2694218,0.0,2.1396742,41.032837,1
6bba_8b7818bf,1036517,88,0.0,54.0,229.0,0.9189834,4.8405724,0.0,2.1396742,41.032837,0
6bba_8b7818bf,1036518,88,0.0,157.0,235.0,1.0576499,2.8232543,0.0,2.1396742,41.032837,0
6bba_8b7818bf,1036519,88,10.0,103.0,93.0,1.1160283,1.9196202,0.15873016,2.5401762,68.65625,0
6bba_8b7818bf,1036520,88,18.0,70.0,0.0,0.87249535,5.2443514,0.2857143,2.1350024,40.76465,0
6bba_8b7818bf,1036521,88,22.0,35.0,95.0,0.98172307,2.883051,0.34920636,2.5401762,68.65625,0
6bba_8b7818bf,1036522,88,25.0,35.0,38.0,0.9265267,3.9410393,0.3968254,2.5434792,68.92444,0
6bba_8b7818bf,1036523,88,32.0,8.0,70.0,0.98213863,2.5066128,0.50793654,2.5434792,68.92444,0
6bba_8b7818bf,1036524,88,15.0,37.0,114.0,0.917169,3.2733698,0.23809524,2.5434792,68.92444,0
6bba_8b7818bf,1036525,88,5.0,105.0,10.0,0.9456714,2.2487338,0.07936508,2.5368643,68.38806,1
6bba_8b7818bf,1036526,88,49.0,60.0,35.0,0.9433195,2.4404695,0.7777778,2.5434792,68.92444,0
6bba_8b7818bf,1036527,89,12.0,59.0,80.0,1.9183655,4.4661546,0.1904762,2.5434792,68.92444,0
6bba_8b7818bf,1036528,89,24.0,24.0,78.0,1.5111846,3.6804626,0.3809524,2.5434792,68.92444,0
6bba_8b7818bf,1036529,89,50.0,0.0,0.0,1.4641824,3.8018854,0.7936508,1.7994134,24.405151,0
6bba_8b7818bf,1036530,89,20.0,115.0,236.0,1.3511446,2.6606805,0.31746033,2.5434792,68.92444,0
6bba_8b7818bf,1036531,89,12.0,26.0,248.0,1.3012824,3.43419,0.1904762,2.5434792,68.92444,0
6bba_8b7818bf,1036532,89,7.0,143.0,255.0,1.0932447,3.408139,0.11111111,2.1350024,40.76465,0
6bba_8b7818bf,1036533,89,17.0,15.0,173.0,1.1989961,3.4480991,0.26984128,2.5434792,68.92444,0
6bba_8b7818bf,1036534,89,18.0,45.0,53.0,1.2337737,5.865766,0.2857143,2.5434792,68.92444,0
6bba_8b7818bf,1036535,89,49.0,62.0,197.0,1.3057581,2.7570264,0.7777778,2.5434792,68.92444,0
6bba_8b7818bf,1036536,89,0.0,111.0,13.0,1.1349765,2.5720296,0.0,2.1396742,41.032837,1
6bba_8b7818bf,1036537,89,0.0,155.0,180.0,1.1380143,2.1314871,0.0,2.1396742,41.032837,0
6bba_8b7818bf,1036538,89,7.0,80.0,57.0,1.2708985,2.6114728,0.11111111,2.5335438,68.11987,1
6bba_8b7818bf,1036539,89,5.0,83.0,64.0,1.3222219,2.8772955,0.07936508,2.5401762,68.65625,1
6bba_8b7818bf,1036540,89,44.0,0.0,31.0,1.1383673,2.4576955,0.6984127,2.1396742,41.032837,0
6bba_8b7818bf,1036541,89,6.0,53.0,157.0,1.153724,2.5788167,0.0952381,2.5401762,68.65625,0
6bba_8b7818bf,1036542,89,0.0,158.0,237.0,1.100962,2.8792965,0.0,2.1396742,41.032837,0
6bba_8b7818bf,1036543,89,0.0,56.0,232.0,0.8686903,4.4841065,0.0,2.1396742,41.032837,0
6bba_8b7818bf,1036544,89,27.0,65.0,106.0,1.1564139,2.1450195,0.42857143,2.5434792,68.92444,0
6bba_8b7818bf,1036545,89,15.0,57.0,100.0,1.0407281,2.6326869,0.23809524,2.5401762,68.65625,1
6bba_8b7818bf,1036546,89,30.0,63.0,89.0,1.1560119,1.9508018,0.47619048,2.5434792,68.92444,0
6bba_8b7818bf,1036547,89,21.0,39.0,94.0,0.88117224,2.7873373,0.33333334,2.5401762,68.65625,0
6bba_8b7818bf,1036548,89,17.0,72.0,0.0,0.84158766,5.4101925,0.26984128,2.1396742,41.032837,0
6bba_8b7818bf,1036549,89,27.0,0.0,146.0,0.76027954,5.338273,0.42857143,2.1396742,41.032837,0
6bba_8b7818bf,1036550,89,14.0,41.0,111.0,0.95455873,2.8667884,0.22222222,2.5434792,68.92444,1
6bba_8b7818bf,1036551,89,9.0,107.0,93.0,1.0556712,2.0070324,0.14285715,2.5434792,68.92444,0
6bba_8b7818bf,1036552,89,32.0,10.0,68.0,0.88983583,2.6885512,0.50793654,2.5434792,68.92444,0
6bba_8b7818bf,1036553,89,5.0,104.0,12.0,0.85518163,1.9428107,0.07936508,2.4652207,62.756104,1
6bba_8b7818bf,1036554,89,16.0,47.0,108.0,0.9352177,2.0796113,0.25396827,2.4687274,63.024292,2
6bba_8b7818bf,1036555,89,30.0,31.0,13.0,0.8461482,3.079855,0.47619048,2.5434792,68.92444,0
6bba_8b7818bf,1036556,89,25.0,36.0,37.0,0.8334018,3.3451097,0.3968254,2.5434792,68.92444,0
6bba_8b7818bf,1036557,89,48.0,61.0,31.0,0.9060302,2.4535315,0.7619048,2.5434792,68.92444,0
6bba_8b7818bf,1036558,89,36.0,17.0,0.0,0.7201126,2.5785227,0.5714286,2.1113307,39.423706,0
6bba_8b7818bf,1036559,89,25.0,44.0,71.0,0.73132575,2.2318857,0.3968254,2.493,64.90161,0
6bba_8b7818bf,1036560,90,12.0,56.0,80.0,2.0188022,4.1362658,0.1904762,2.5434792,68.92444,0
6bba_8b7818bf,1036561,90,25.0,21.0,81.0,1.5545341,4.5486746,0.3968254,2.5434792,68.92444,0
6bba_8b7818bf,1036562,90,15.0,18.0,175.0,1.4097706,3.813571,0.23809524,2.5434792,68.92444,0
6bba_8b7818bf,1036563,90,11.0,25.0,242.0,1.4277142,3.008433,0.17460318,2.5434792,68.92444,0
6bba_8b7818bf,1036564,90,18.0,43.0,54.0,1.4504622,4.602322,0.2857143,2.5434792,68.92444,0
6bba_8b7818bf,1036565,90,23.0,36.0,40.0,1.2883396,4.006269,0.36507937,2.5434792,68.92444,0
6bba_8b7818bf,1036566,90,0.0,158.0,237.0,1.2185017,3.0988321,0.0,2.1396742,41.032837,0
6bba_8b7818bf,1036567,90,0.0,151.0,183.0,1.3760855,2.2120275,0.0,2.1396742,41.032837,0
6bba_8b7818bf,1036568,90,52.0,0.0,0.0,1.2778723,3.15882,0.82539684,1.7994134,24.405151,0
6bba_8b7818bf,1036569,90,47.0,62.0,196.0,1.3596436,2.916771,0.74603176,2.5434792,68.92444,0
6bba_8b7818bf,1036570,90,26.0,0.0,150.0,0.99660933,5.6696787,0.41269842,2.1396742,41.032837,0
6bba_8b7818bf,1036571,90,20.0,41.0,91.0,1.1239656,3.3061845,0.31746033,2.5401762,68.65625,0
6bba_8b7818bf,1036572,90,25.0,68.0,102.0,1.3796971,2.4689026,0.3968254,2.5434792,68.92444,0
6bba_8b7818bf,1036573,90,2.0,86.0,66.0,1.3774798,2.6716619,0.031746034,2.4687274,63.024292,2
6bba_8b7818bf,1036574,90,0.0,110.0,14.0,1.1128219,2.6598372,0.0,2.1396742,41.032837,0
6bba_8b7818bf,1036575,90,20.0,115.0,236.0,1.1926161,2.3214169,0.31746033,2.5434792,68.92444,0
6bba_8b7818bf,1036576,90,5.0,82.0,60.0,1.3582461,2.6460726,0.07936508,2.5401762,68.65625,2
6bba_8b7818bf,1036577,90,42.0,6.0,25.0,1.1528151,3.1932163,0.6666667,2.5434792,68.92444,0
6bba_8b7818bf,1036578,90,5.0,81.0,65.0,1.2882209,2.3071084,0.07936508,2.5335438,68.11987,2
6bba_8b7818bf,1036579,90,0.0,56.0,236.0,0.8494661,5.284802,0.0,2.1396742,41.032837,0
6bba_8b7818bf,1036580,90,4.0,55.0,154.0,1.11369,2.8268173,0.06349207,2.5434792,68.92444,0
6bba_8b7818bf,1036581,90,17.0,72.0,0.0,0.8590553,7.2924066,0.26984128,2.1350024,40.76465,0
6bba_8b7818bf,1036582,90,32.0,12.0,60.0,0.9242707,3.8297925,0.50793654,2.5434792,68.92444,0
6bba_8b7818bf,1036583,90,14.0,57.0,100.0,1.0618047,2.7073681,0.22222222,2.5401762,68.65625,0
6bba_8b7818bf,1036584,90,8.0,108.0,91.0,1.0981166,2.1498148,0.12698413,2.5368643,68.38806,0
6bba_8b7818bf,1036585,90,6.0,144.0,255.0,0.83116996,2.2940521,0.0952381,2.1350024,40.76465,0
6bba_8b7818bf,1036586,90,12.0,43.0,114.0,0.94107246,2.7346091,0.1904762,2.5434792,68.92444,0
6bba_8b7818bf,1036587,90,35.0,23.0,0.0,0.7505217,2.8905058,0.5555556,2.120863,39.960083,0
6bba_8b7818bf,1036588,91,11.0,56.0,79.0,1.914429,3.617347,0.17460318,2.5434792,68.92444,0
6bba_8b7818bf,1036589,91,15.0,17.0,178.0,1.4798323,3.8357267,0.23809524,2.5434792,68.92444,0
6bba_8b7818bf,1036590,91,25.0,20.0,81.0,1.3781946,3.9415662,0.3968254,2.5434792,68.92444,0
6bba_8b7818bf,1036591,91,10.0,26.0,240.0,1.4055233,3.082762,0.15873016,2.5434792,68.92444,0
6bba_8b7818bf,1036592,91,23.0,38.0,38.0,1.3591594,4.805682,0.36507937,2.5434792,68.92444,0
6bba_8b7818bf,1036593,91,0.0,150.0,183.0,1.3727945,2.2828016,0.0,2.1350024,40.76465,1
6bba_8b7818bf,1036594,91,0.0,158.0,238.0,1.1992544,3.0830116,0.0,2.1396742,41.032837,0
6bba_8b7818bf,1036595,91,3.0,85.0,64.0,1.4647107,2.9364583,0.04761905,2.5401762,68.65625,0
6bba_8b7818bf,1036596,91,47.0,62.0,196.0,1.3726594,2.7557774,0.74603176,2.5434792,68.92444,0
6bba_8b7818bf,1036597,91,26.0,0.0,151.0,1.0142303,5.1577716,0.41269842,2.1396742,41.032837,0
6bba_8b7818bf,1036598,91,17.0,44.0,55.0,1.2100801,4.384884,0.26984128,2.5434792,68.92444,0
6bba_8b7818bf,1036599,91,0.0,109.0,15.0,1.147964,2.6765454,0.0,2.1396742,41.032837,1
6bba_8b7818bf,1036600,91,19.0,116.0,237.0,1.2311065,2.4867446,0.3015873,2.5434792,68.92444,0
6bba_8b7818bf,1036601,91,41.0,7.0,26.0,1.1672237,3.1697638,0.6507937,2.5434792,68.92444,0
6bba_8b7818bf,1036602,91,52.0,0.0,0.0,1.1924753,2.5780082,0.82539684,1.7994134,24.405151,0
6bba_8b7818bf,1036603,91,25.0,68.0,101.0,1.3156822,2.377596,0.3968254,2.5434792,68.92444,0
6bba_8b7818bf,1036604,91,17.0,70.0,0.0,0.9460555,5.3779016,0.26984128,2.1396742,41.032837,0
6bba_8b7818bf,1036605,91,14.0,57.0,100.0,1.1823131,3.3048468,0.22222222,2.5335438,68.11987,0
6bba_8b7818bf,1036606,91,3.0,57.0,152.0,1.1462734,2.682187,0.04761905,2.5401762,68.65625,0
6bba_8b7818bf,1036607,91,0.0,56.0,238.0,0.8635276,5.079244,0.0,2.1396742,41.032837,0
6bba_8b7818bf,1036608,91,32.0,12.0,59.0,0.94062495,4.6511416,0.50793654,2.5434792,68.92444,0
6bba_8b7818bf,1036609,91,8.0,109.0,89.0,1.0685774,1.9939122,0.12698413,2.5401762,68.65625,0
6bba_8b7818bf,1036610,91,12.0,43.0,118.0,0.86495954,2.93298,0.1904762,2.5434792,68.92444,0
6bba_8b7818bf,1036611,91,4.0,103.0,13.0,0.9188085,2.2232993,0.06349207,2.5201738,67.04712,1
6bba_8b7818bf,1036612,91,0.0,138.0,182.0,0.9694146,1.2625797,0.0,2.1396742,41.032837,1
6bba_8b7818bf,1036613,91,5.0,144.0,255.0,0.67110837,1.9549347,0.07936508,2.1350024,40.76465,0
6bba_8b7818bf,1036614,91,47.0,62.0,29.0,0.8332009,2.3352075,0.74603176,2.5434792,68.92444,0
6bba_8b7818bf,1036615,91,19.0,22.0,107.0,0.69717854,3.0114522,0.3015873,2.5434792,68.92444,0
6bba_8b7818bf,1036616,91,19.0,44.0,90.0,0.8635712,1.3614218,0.3015873,2.5401762,68.65625,0
6bba_8b7818bf,1036617,92,14.0,17.0,178.0,1.6284823,3.9808874,0.22222222,2.5434792,68.92444,0
6bba_8b7818bf,1036618,92,9.0,25.0,238.0,1.6315238,3.0340803,0.14285715,2.5434792,68.92444,0
6bba_8b7818bf,1036619,92,25.0,15.0,81.0,1.425828,4.4301233,0.3968254,2.5434792,68.92444,0
6bba_8b7818bf,1036620,92,0.0,86.0,66.0,1.5473549,3.2508044,0.0,2.1396742,41.032837,0
6bba_8b7818bf,1036621,92,18.0,114.0,240.0,1.6023228,2.7993531,0.2857143,2.5434792,68.92444,0
6bba_8b7818bf,1036622,92,17.0,38.0,59.0,1.5354167,4.6112604,0.26984128,2.5434792,68.92444,0
6bba_8b7818bf,1036623,92,0.0,59.0,148.0,1.3556491,2.8960464,0.0,2.1396742,41.032837,0
6bba_8b7818bf,1036624,92,14.0,48.0,79.0,1.6117079,2.6846747,0.22222222,2.5434792,68.92444,1
6bba_8b7818bf,1036625,92,0.0,158.0,246.0,1.208153,3.3262749,0.0,2.1350024,40.76465,0
6bba_8b7818bf,1036626,92,0.0,109.0,15.0,1.1581821,3.8137708,0.0,2.1396742,41.032837,0
6bba_8b7818bf,1036627,92,36.0,16.0,13.0,1.2711039,3.7127218,0.5714286,2.5434792,68.92444,0
6bba_8b7818bf,1036628,92,44.0,62.0,202.0,1.3359091,2.6653743,0.6984127,2.5434792,68.92444,0
6bba_8b7818bf,1036629,92,50.0,0.0,5.0,1.2992344,3.2586405,0.7936508,2.1396742,41.032837,0
6bba_8b7818bf,1036630,92,25.0,67.0,88.0,1.3472307,2.3384213,0.3968254,2.5434792,68.92444,0
6bba_8b7818bf,1036631,92,10.0,61.0,81.0,1.4901171,2.5192015,0.15873016,2.5434792,68.92444,1
6bba_8b7818bf,1036632,92,12.0,61.0,103.0,1.2625636,3.4866052,0.1904762,2.5268764,67.583496,0
6bba_8b7818bf,1036633,92,23.0,0.0,163.0,0.9128157,5.27229,0.36507937,2.1396742,41.032837,0
6bba_8b7818bf,1036634,92,0.0,147.0,191.0,1.0639096,1.944981,0.0,2.1350024,40.76465,2
6bba_8b7818bf,1036635,92,16.0,70.0,0.0,0.95019794,4.474116,0.25396827,2.1350024,40.76465,0
6bba_8b7818bf,1036636,92,27.0,35.0,10.0,1.0059645,4.2584944,0.42857143,2.5434792,68.92444,0
6bba_8b7818bf,1036637,92,33.0,7.0,58.0,0.9726987,4.3931828,0.52380955,2.5434792,68.92444,0
6bba_8b7818bf,1036638,92,10.0,44.0,121.0,0.93764275,3.4405801,0.15873016,2.5434792,68.92444,0
6bba_8b7818bf,1036639,92,0.0,137.0,183.0,0.9834224,1.7718395,0.0,2.1396742,41.032837,1
6bba_8b7818bf,1036640,92,0.0,151.0,202.0,0.7620515,1.9733579,0.0,2.1161075,39.691895,1
6bba_8b7818bf,1036641,92,21.0,40.0,37.0,0.92121994,3.0629523,0.33333334,2.5434792,68.92444,0
6bba_8b7818bf,1036642,92,0.0,146.0,167.0,0.7140063,1.8527919,0.0,2.1065323,39.155518,0
6bba_8b7818bf,1036643,92,17.0,23.0,106.0,0.7111123,3.158981,0.26984128,2.5434792,68.92444,0
6bba_8b7818bf,1036644,92,46.0,63.0,23.0,0.80838406,2.4806883,0.73015875,2.5434792,68.92444,0
6bba_8b7818bf,1036645,92,0.0,55.0,237.0,0.5041655,4.132494,0.0,2.125597,40.22827,0
6bba_8b7818bf,1036646,92,6.0,112.0,86.0,0.893124,1.592245,0.0952381,2.5401762,68.65625,1
6bba_8b7818bf,1036647,92,6.0,112.0,81.0,0.9347108,1.5347556,0.0952381,2.5401762,68.65625,1
6bba_8b7818bf,1036648,93,14.0,17.0,178.0,1.6284823,3.9808874,0.22222222,2.5434792,68.92444,0
6bba_8b7818bf,1036649,93,9.0,25.0,238.0,1.6315238,3.0340803,0.14285715,2.5434792,68.92444,0
6bba_8b7818bf,1036650,93,25.0,15.0,81.0,1.425828,4.4301233,0.3968254,2.5434792,68.92444,0
6bba_8b7818bf,1036651,93,0.0,86.0,66.0,1.5473549,3.2508044,0.0,2.1396742,41.032837,0
6bba_8b7818bf,1036652,93,18.0,114.0,240.0,1.6023228,2.7993531,0.2857143,2.5434792,68.92444,0
6bba_8b7818bf,1036653,93,17.0,38.0,59.0,1.5354167,4.6112604,0.26984128,2.5434792,68.92444,0
6bba_8b7818bf,1036654,93,0.0,59.0,148.0,1.3556491,2.8960464,0.0,2.1396742,41.032837,0
6bba_8b7818bf,1036655,93,14.0,48.0,79.0,1.6117079,2.6846747,0.22222222,2.5434792,68.92444,1
6bba_8b7818bf,1036656,93,0.0,158.0,246.0,1.208153,3.3262749,0.0,2.1350024,40.76465,0
6bba_8b7818bf,1036657,93,0.0,109.0,15.0,1.1581821,3.8137708,0.0,2.1396742,41.032837,0
6bba_8b7818bf,1036658,93,36.0,16.0,13.0,1.2711039,3.7127218,0.5714286,2.5434792,68.92444,0
6bba_8b7818bf,1036659,93,44.0,62.0,202.0,1.3359091,2.6653743,0.6984127,2.5434792,68.92444,0
6bba_8b7818bf,1036660,93,50.0,0.0,5.0,1.2992344,3.2586405,0.7936508,2.1396742,41.032837,0
6bba_8b7818bf,1036661,93,25.0,67.0,88.0,1.3472307,2.3384213,0.3968254,2.5434792,68.92444,0
6bba_8b7818bf,1036662,93,10.0,61.0,81.0,1.4901171,2.5192015,0.15873016,2.5434792,68.92444,1
6bba_8b7818bf,1036663,93,12.0,61.0,103.0,1.2625636,3.4866052,0.1904762,2.5268764,67.583496,0
6bba_8b7818bf,1036664,93,23.0,0.0,163.0,0.9128157,5.27229,0.36507937,2.1396742,41.032837,0
6bba_8b7818bf,1036665,93,0.0,147.0,191.0,1.0639096,1.944981,0.0,2.1350024,40.76465,2
6bba_8b7818bf,1036666,93,16.0,70.0,0.0,0.95019794,4.474116,0.25396827,2.1350024,40.76465,0
6bba_8b7818bf,1036667,93,27.0,35.0,10.0,1.0059645,4.2584944,0.42857143,2.5434792,68.92444,0
6bba_8b7818bf,1036668,93,33.0,7.0,58.0,0.9726987,4.3931828,0.52380955,2.5434792,68.92444,0
6bba_8b7818bf,1036669,93,10.0,44.0,121.0,0.93764275,3.4405801,0.15873016,2.5434792,68.92444,0
6bba_8b7818bf,1036670,93,0.0,137.0,183.0,0.9834224,1.7718395,0.0,2.1396742,41.032837,1
6bba_8b7818bf,1036671,93,0.0,151.0,202.0,0.7620515,1.9733579,0.0,2.1161075,39.691895,1
6bba_8b7818bf,1036672,93,21.0,40.0,37.0,0.92121994,3.0629523,0.33333334,2.5434792,68.92444,0
6bba_8b7818bf,1036673,93,0.0,146.0,167.0,0.7140063,1.8527919,0.0,2.1065323,39.155518,0
6bba_8b7818bf,1036674,93,17.0,23.0,106.0,0.7111123,3.158981,0.26984128,2.5434792,68.92444,0
6bba_8b7818bf,1036675,93,46.0,63.0,23.0,0.80838406,2.4806883,0.73015875,2.5434792,68.92444,0
6bba_8b7818bf,1036676,93,0.0,55.0,237.0,0.5041655,4.132494,0.0,2.125597,40.22827,0
6bba_8b7818bf,1036677,93,6.0,112.0,86.0,0.893124,1.592245,0.0952381,2.5401762,68.65625,1
6bba_8b7818bf,1036678,93,6.0,112.0,81.0,0.9347108,1.5347556,0.0952381,2.5401762,68.65625,1
6bba_8b7818bf,1036679,94,34.0,17.0,14.0,1.7474746,6.2357917,0.53968257,2.5434792,68.92444,0
6bba_8b7818bf,1036680,94,8.0,22.0,233.0,1.5561782,3.250673,0.12698413,2.5434792,68.92444,0
6bba_8b7818bf,1036681,94,24.0,14.0,77.0,1.396919,4.371257,0.3809524,2.5434792,68.92444,0
6bba_8b7818bf,1036682,94,18.0,115.0,241.0,1.5286348,2.6894426,0.2857143,2.5434792,68.92444,0
6bba_8b7818bf,1036683,94,0.0,85.0,60.0,1.4049449,3.176262,0.0,2.1396742,41.032837,0
6bba_8b7818bf,1036684,94,16.0,34.0,60.0,1.411917,4.6258965,0.25396827,2.5434792,68.92444,0
6bba_8b7818bf,1036685,94,11.0,47.0,76.0,1.6198735,3.4817667,0.17460318,2.5434792,68.92444,1
6bba_8b7818bf,1036686,94,0.0,55.0,151.0,1.2313588,3.004396,0.0,2.1396742,41.032837,0
6bba_8b7818bf,1036687,94,12.0,16.0,175.0,1.2563982,3.3754997,0.1904762,2.5434792,68.92444,0
6bba_8b7818bf,1036688,94,47.0,0.0,0.0,1.2737192,3.2933505,0.74603176,1.7994134,24.405151,0
6bba_8b7818bf,1036689,94,0.0,132.0,183.0,1.0443785,2.786184,0.0,2.1396742,41.032837,0
6bba_8b7818bf,1036690,94,0.0,108.0,13.0,0.98666734,3.7324836,0.0,2.1350024,40.76465,0
6bba_8b7818bf,1036691,94,16.0,41.0,88.0,1.0831918,2.2775984,0.25396827,2.5401762,68.65625,1
6bba_8b7818bf,1036692,94,34.0,0.0,49.0,1.0200988,3.3019338,0.53968257,2.1396742,41.032837,0
6bba_8b7818bf,1036693,94,44.0,62.0,203.0,1.1479331,2.514804,0.6984127,2.5434792,68.92444,0
6bba_8b7818bf,1036694,94,11.0,60.0,104.0,1.1488827,2.4102936,0.17460318,2.5401762,68.65625,1
6bba_8b7818bf,1036695,94,8.0,44.0,119.0,0.9141183,2.9890761,0.12698413,2.5434792,68.92444,0
6bba_8b7818bf,1036696,94,26.0,33.0,10.0,0.9318472,3.5518196,0.41269842,2.5434792,68.92444,0
6bba_8b7818bf,1036697,94,14.0,71.0,0.0,0.8632207,2.9186707,0.22222222,2.1396742,41.032837,1
6bba_8b7818bf,1036698,94,16.0,66.0,6.0,0.8190615,3.562959,0.25396827,2.5335438,68.11987,1
6bba_8b7818bf,1036699,94,26.0,72.0,93.0,1.0639374,1.758665,0.41269842,2.5401762,68.65625,0
6bba_8b7818bf,1036700,94,9.0,60.0,93.0,1.1725717,2.3375745,0.14285715,2.5401762,68.65625,1
6bba_8b7818bf,1036701,94,0.0,157.0,255.0,0.70516694,2.568608,0.0,1.7994134,24.405151,0
6bba_8b7818bf,1036702,94,22.0,33.0,41.0,0.80836576,2.9414196,0.34920636,2.5434792,68.92444,0
6bba_8b7818bf,1036703,94,33.0,36.0,51.0,0.5272739,2.8267007,0.52380955,2.5368643,68.38806,0
6bba_8b7818bf,1036704,95,34.0,19.0,6.0,1.9869065,8.37555,0.53968257,2.5434792,68.92444,0
6bba_8b7818bf,1036705,95,23.0,16.0,72.0,1.4505398,4.1972775,0.36507937,2.5434792,68.92444,0
6bba_8b7818bf,1036706,95,8.0,23.0,231.0,1.5014797,3.3670092,0.12698413,2.5434792,68.92444,0
6bba_8b7818bf,1036707,95,18.0,117.0,240.0,1.4349573,2.5350018,0.2857143,2.5434792,68.92444,0
6bba_8b7818bf,1036708,95,46.0,0.0,0.0,1.3526673,3.7275307,0.73015875,1.7994134,24.405151,0
6bba_8b7818bf,1036709,95,10.0,20.0,175.0,1.2653587,3.359771,0.15873016,2.5434792,68.92444,0
6bba_8b7818bf,1036710,95,9.0,51.0,72.0,1.5081155,3.446239,0.14285715,2.5434792,68.92444,2
6bba_8b7818bf,1036711,95,0.0,85.0,53.0,1.2345116,2.9428012,0.0,2.1396742,41.032837,0
6bba_8b7818bf,1036712,95,16.0,36.0,56.0,1.2172091,4.5088363,0.25396827,2.5434792,68.92444,0
6bba_8b7818bf,1036713,95,0.0,56.0,147.0,1.0641627,3.015504,0.0,2.1396742,41.032837,0
6bba_8b7818bf,1036714,95,15.0,43.0,86.0,1.0758526,3.2036173,0.23809524,2.5434792,68.92444,0
6bba_8b7818bf,1036715,95,9.0,64.0,95.0,1.2128569,2.9043357,0.14285715,2.5401762,68.65625,1
6bba_8b7818bf,1036716,95,9.0,57.0,61.0,1.1358124,2.0493517,0.14285715,2.5434792,68.92444,2
6bba_8b7818bf,1036717,95,34.0,0.0,45.0,0.926018,3.001042,0.53968257,2.1396742,41.032837,0
6bba_8b7818bf,1036718,95,0.0,108.0,10.0,0.8932768,3.301981,0.0,2.1396742,41.032837,0
6bba_8b7818bf,1036719,95,43.0,65.0,201.0,1.060252,2.588144,0.6825397,2.5434792,68.92444,0
6bba_8b7818bf,1036720,95,26.0,76.0,94.0,1.0694407,2.0553277,0.41269842,2.5434792,68.92444,1
6bba_8b7818bf,1036721,95,11.0,62.0,103.0,1.0402623,2.2159233,0.17460318,2.5434792,68.92444,1
6bba_8b7818bf,1036722,95,25.0,77.0,83.0,1.035056,2.2356737,0.3968254,2.5434792,68.92444,1
6bba_8b7818bf,1036723,95,15.0,69.0,0.0,0.8193639,4.5881763,0.23809524,2.1350024,40.76465,0
6bba_8b7818bf,1036724,95,7.0,48.0,109.0,0.94121414,2.704219,0.11111111,2.5401762,68.65625,0
6bba_8b7818bf,1036725,95,20.0,57.0,70.0,0.97347504,1.615973,0.31746033,2.4687274,63.024292,2
6bba_8b7818bf,1036726,95,22.0,31.0,41.0,0.8468561,2.848169,0.34920636,2.5434792,68.92444,0
6bba_8b7818bf,1036727,95,0.0,132.0,186.0,0.74882627,2.4906232,0.0,2.1396742,41.032837,0
6bba_8b7818bf,1036728,96,34.0,21.0,0.0,1.7262497,4.9752984,0.53968257,2.1396742,41.032837,0
6bba_8b7818bf,1036729,96,23.0,16.0,72.0,1.4680678,4.217914,0.36507937,2.5434792,68.92444,0
6bba_8b7818bf,1036730,96,8.0,22.0,232.0,1.4634186,3.0519788,0.12698413,2.5434792,68.92444,0
6bba_8b7818bf,1036731,96,0.0,85.0,51.0,1.2811608,3.338111,0.0,2.1396742,41.032837,0
6bba_8b7818bf,1036732,96,18.0,117.0,241.0,1.416452,2.3344452,0.2857143,2.5434792,68.92444,0
6bba_8b7818bf,1036733,96,46.0,0.0,0.0,1.3589098,3.2288318,0.73015875,1.7994134,24.405151,0
6bba_8b7818bf,1036734,96,15.0,57.0,75.0,1.4529101,2.656253,0.23809524,2.5434792,68.92444,2
6bba_8b7818bf,1036735,96,8.0,60.0,56.0,1.3478379,2.8893945,0.12698413,2.5434792,68.92444,2
6bba_8b7818bf,1036736,96,0.0,134.0,182.0,1.097395,3.5330977,0.0,2.1396742,41.032837,0
6bba_8b7818bf,1036737,96,0.0,56.0,146.0,1.1055801,2.9941607,0.0,2.1396742,41.032837,0
6bba_8b7818bf,1036738,96,16.0,34.0,56.0,1.1887891,5.1226454,0.25396827,2.5434792,68.92444,0
6bba_8b7818bf,1036739,96,10.0,20.0,174.0,1.1610675,3.1960442,0.15873016,2.5434792,68.92444,0
6bba_8b7818bf,1036740,96,9.0,54.0,69.0,1.3934438,2.113788,0.14285715,2.5434792,68.92444,3
6bba_8b7818bf,1036741,96,10.0,64.0,98.0,1.2119846,3.5713482,0.15873016,2.5434792,68.92444,0
6bba_8b7818bf,1036742,96,20.0,61.0,62.0,1.0831735,1.8181664,0.31746033,2.4826555,64.097046,3
6bba_8b7818bf,1036743,96,15.0,67.0,0.0,0.8696877,7.5216794,0.23809524,2.1396742,41.032837,0
6bba_8b7818bf,1036744,96,42.0,66.0,202.0,1.0657961,2.6279175,0.6666667,2.5434792,68.92444,0
6bba_8b7818bf,1036745,96,24.0,77.0,79.0,0.97558045,2.4547262,0.3809524,2.5434792,68.92444,0
6bba_8b7818bf,1036746,96,24.0,26.0,21.0,0.8963666,3.7914944,0.3809524,2.5434792,68.92444,0
6bba_8b7818bf,1036747,96,0.0,109.0,6.0,0.80419004,3.4013617,0.0,2.1350024,40.76465,0
6bba_8b7818bf,1036748,96,21.0,34.0,37.0,0.8767834,3.13086,0.33333334,2.5434792,68.92444,0
6bba_8b7818bf,1036749,96,25.0,77.0,96.0,0.98214775,2.1292188,0.3968254,2.5434792,68.92444,0
6bba_8b7818bf,1036750,96,35.0,5.0,37.0,0.8312873,3.612583,0.5555556,2.5434792,68.92444,0
6bba_8b7818bf,1036751,96,8.0,44.0,111.0,0.8659505,2.5196292,0.12698413,2.5401762,68.65625,0
6bba_8b7818bf,1036752,96,21.0,0.0,162.0,0.64377546,3.7701159,0.33333334,2.1396742,41.032837,0
6bba_8b7818bf,1036753,96,6.0,105.0,69.0,1.0195878,1.6250818,0.0952381,2.5401762,68.65625,1
6bba_8b7818bf,1036754,96,6.0,105.0,78.0,0.953691,1.7348249,0.0952381,2.5335438,68.11987,2
6bba_8b7818bf,1036755,96,5.0,106.0,84.0,0.8625847,1.866109,0.07936508,2.5401762,68.65625,1
6bba_8b7818bf,1036756,96,0.0,161.0,255.0,0.58452,2.7268794,0.0,1.7927979,24.136963,0
6bba_8b7818bf,1036757,97,22.0,17.0,68.0,1.5981302,4.439689,0.34920636,2.5434792,68.92444,0
6bba_8b7818bf,1036758,97,35.0,20.0,0.0,1.4504281,5.770898,0.5555556,2.1396742,41.032837,0
6bba_8b7818bf,1036759,97,7.0,23.0,231.0,1.5428518,3.1045403,0.11111111,2.5434792,68.92444,0
6bba_8b7818bf,1036760,97,17.0,117.0,239.0,1.4409492,2.4944322,0.26984128,2.5434792,68.92444,0
6bba_8b7818bf,1036761,97,46.0,0.0,0.0,1.330612,3.6964586,0.73015875,1.7994134,24.405151,0
6bba_8b7818bf,1036762,97,0.0,85.0,49.0,1.274671,3.560557,0.0,2.1396742,41.032837,0
6bba_8b7818bf,1036763,97,0.0,55.0,146.0,1.079981,3.3192174,0.0,2.1396742,41.032837,0
6bba_8b7818bf,1036764,97,8.0,60.0,55.0,1.30753,2.9792976,0.12698413,2.5434792,68.92444,2
6bba_8b7818bf,1036765,97,19.0,61.0,61.0,1.1638671,2.0670872,0.3015873,2.5401762,68.65625,3
6bba_8b7818bf,1036766,97,10.0,19.0,175.0,1.0773141,3.137942,0.15873016,2.5434792,68.92444,0
6bba_8b7818bf,1036767,97,11.0,66.0,97.0,1.1416305,3.7758374,0.17460318,2.5434792,68.92444,1
6bba_8b7818bf,1036768,97,15.0,67.0,0.0,0.8820001,9.422755,0.23809524,2.1396742,41.032837,0
6bba_8b7818bf,1036769,97,19.0,60.0,68.0,1.1919311,2.3659701,0.3015873,2.5401762,68.65625,2
6bba_8b7818bf,1036770,97,0.0,135.0,179.0,0.91286933,3.1158788,0.0,2.1396742,41.032837,0
6bba_8b7818bf,1036771,97,7.0,45.0,108.0,1.045076,2.9447699,0.11111111,2.5401762,68.65625,0
6bba_8b7818bf,1036772,97,17.0,34.0,54.0,1.0115134,4.2409716,0.26984128,2.5401762,68.65625,0
6bba_8b7818bf,1036773,97,23.0,79.0,76.0,1.0423175,2.6193197,0.36507937,2.5434792,68.92444,1
6bba_8b7818bf,1036774,97,23.0,79.0,88.0,1.1037979,2.3865376,0.36507937,2.5434792,68.92444,2
6bba_8b7818bf,1036775,97,42.0,67.0,201.0,1.0196289,2.662694,0.6666667,2.5434792,68.92444,0
6bba_8b7818bf,1036776,97,0.0,108.0,3.0,0.8398196,4.2128863,0.0,2.13031,40.49646,0
6bba_8b7818bf,1036777,97,23.0,79.0,97.0,1.0527804,2.5114095,0.36507937,2.5434792,68.92444,1
6bba_8b7818bf,1036778,97,9.0,54.0,63.0,1.1779197,1.8614137,0.14285715,2.5268764,67.583496,3
6bba_8b7818bf,1036779,97,16.0,46.0,75.0,0.9587741,2.472824,0.25396827,2.5434792,68.92444,0
6bba_8b7818bf,1036780,97,7.0,74.0,85.0,0.90956503,2.1923206,0.11111111,2.5335438,68.11987,1
6bba_8b7818bf,1036781,97,5.0,107.0,75.0,0.9972736,1.7999327,0.07936508,2.5368643,68.38806,2
6bba_8b7818bf,1036782,97,5.0,107.0,80.0,0.8724036,1.8074125,0.07936508,2.5335438,68.11987,1
6bba_8b7818bf,1036783,97,35.0,6.0,34.0,0.7455107,3.55931,0.5555556,2.5434792,68.92444,1
6bba_8b7818bf,1036784,97,20.0,0.0,163.0,0.60518116,4.0769463,0.31746033,2.1396742,41.032837,0
6bba_8b7818bf,1036785,97,5.0,107.0,60.0,0.9847691,1.6092982,0.07936508,2.5368643,68.38806,2
6bba_8b7818bf,1036786,97,34.0,1.0,43.0,0.6734422,2.3570464,0.53968257,2.3316977,53.10132,1
6bba_8b7818bf,1036787,97,21.0,33.0,35.0,0.74610895,2.5501971,0.33333334,2.5434792,68.92444,1
6bba_8b7818bf,1036788,97,24.0,26.0,21.0,0.69726986,2.8842804,0.3809524,2.5434792,68.92444,0
6bba_8b7818bf,1036789,97,21.0,39.0,28.0,0.7175609,2.5482228,0.33333334,2.5434792,68.92444,1
6bba_8b7818bf,1036790,97,14.0,23.0,100.0,0.5891471,3.0011356,0.22222222,2.5434792,68.92444,0
6bba_8b7818bf,1036791,97,0.0,159.0,255.0,0.53490174,2.6903598,0.0,1.7994134,24.405151,0
6bba_8b7818bf,1036792,97,0.0,122.0,74.0,0.77837616,1.281742,0.0,2.1396742,41.032837,1
6bba_8b7818bf,1036793,97,1.0,119.0,62.0,0.83433515,1.3044753,0.015873017,2.3316977,53.10132,2
6bba_8b7818bf,1036794,98,22.0,16.0,67.0,1.6218328,4.625137,0.34920636,2.5434792,68.92444,0
6bba_8b7818bf,1036795,98,16.0,117.0,240.0,1.538166,2.6256819,0.25396827,2.5434792,68.92444,0
6bba_8b7818bf,1036796,98,0.0,85.0,48.0,1.2999862,4.1551194,0.0,2.1396742,41.032837,0
6bba_8b7818bf,1036797,98,6.0,23.0,230.0,1.5507938,3.0526252,0.0952381,2.5434792,68.92444,0
6bba_8b7818bf,1036798,98,16.0,62.0,74.0,1.4424791,4.5524225,0.25396827,2.5434792,68.92444,1
6bba_8b7818bf,1036799,98,35.0,21.0,0.0,1.2890162,5.474021,0.5555556,2.1350024,40.76465,0
6bba_8b7818bf,1036800,98,44.0,0.0,0.0,1.224733,3.7748375,0.6984127,1.7994134,24.405151,0
6bba_8b7818bf,1036801,98,7.0,59.0,56.0,1.3343152,3.689443,0.11111111,2.5434792,68.92444,1
6bba_8b7818bf,1036802,98,16.0,35.0,50.0,1.1537787,4.6206656,0.25396827,2.5434792,68.92444,0
6bba_8b7818bf,1036803,98,0.0,54.0,144.0,0.95051247,3.3246942,0.0,2.1350024,40.76465,1
6bba_8b7818bf,1036804,98,14.0,68.0,0.0,0.81078744,9.342642,0.22222222,2.1396742,41.032837,0
6bba_8b7818bf,1036805,98,0.0,57.0,136.0,0.84995705,2.9600296,0.0,2.1350024,40.76465,1
6bba_8b7818bf,1036806,98,11.0,15.0,176.0,0.993282,3.0070374,0.17460318,2.5434792,68.92444,0
6bba_8b7818bf,1036807,98,40.0,68.0,202.0,1.00617,2.5515625,0.63492066,2.5434792,68.92444,0
6bba_8b7818bf,1036808,98,0.0,107.0,2.0,0.7030263,5.1150794,0.0,2.0471616,35.937256,0
6bba_8b7818bf,1036809,98,11.0,65.0,96.0,1.0359237,3.1702695,0.17460318,2.5434792,68.92444,1
6bba_8b7818bf,1036810,98,23.0,80.0,76.0,0.9772246,2.334256,0.36507937,2.5434792,68.92444,0
6bba_8b7818bf,1036811,98,23.0,79.0,97.0,0.9588288,2.3715825,0.36507937,2.5434792,68.92444,1
6bba_8b7818bf,1036812,98,23.0,79.0,92.0,1.0099468,2.3136797,0.36507937,2.5434792,68.92444,1
6bba_8b7818bf,1036813,98,6.0,46.0,104.0,0.9594591,2.5670583,0.0952381,2.5434792,68.92444,1
6bba_8b7818bf,1036814,98,6.0,73.0,87.0,0.96664745,2.420886,0.0952381,2.5168092,66.77893,1
6bba_8b7818bf,1036815,98,20.0,61.0,60.0,0.83837074,1.6421076,0.31746033,2.4687274,63.024292,2
6bba_8b7818bf,1036816,98,5.0,46.0,112.0,0.9419676,2.3209398,0.07936508,2.5434792,68.92444,1
6bba_8b7818bf,1036817,98,19.0,37.0,29.0,0.86931634,3.098991,0.3015873,2.5434792,68.92444,0
6bba_8b7818bf,1036818,98,35.0,7.0,29.0,0.72097695,4.0313325,0.5555556,2.5434792,68.92444,1
6bba_8b7818bf,1036819,98,0.0,136.0,183.0,0.6667281,3.1851387,0.0,2.1350024,40.76465,0
6bba_8b7818bf,1036820,98,0.0,118.0,61.0,0.9275523,1.4701573,0.0,2.1396742,41.032837,1
6bba_8b7818bf,1036821,98,0.0,121.0,74.0,0.8800362,1.5410032,0.0,2.1396742,41.032837,2
6bba_8b7818bf,1036822,98,24.0,26.0,19.0,0.75584567,3.0815697,0.3809524,2.5434792,68.92444,0
6bba_8b7818bf,1036823,98,5.0,100.0,65.0,0.93309855,1.590735,0.07936508,2.5401762,68.65625,2
6bba_8b7818bf,1036824,98,5.0,101.0,73.0,0.8369915,1.4171352,0.07936508,2.5268764,67.583496,2
6bba_8b7818bf,1036825,98,4.0,107.0,77.0,0.88784915,1.5569679,0.06349207,2.5401762,68.65625,3
6bba_8b7818bf,1036826,98,34.0,0.0,42.0,0.6056645,2.2753925,0.53968257,2.1396742,41.032837,1
6bba_8b7818bf,1036827,98,20.0,0.0,163.0,0.50663567,3.4326847,0.31746033,2.1396742,41.032837,0
6bba_8b7818bf,1036828,99,21.0,21.0,65.0,1.5733774,4.2998724,0.33333334,2.5434792,68.92444,0
6bba_8b7818bf,1036829,99,34.0,25.0,0.0,1.0295727,7.56835,0.53968257,2.1396742,41.032837,0
6bba_8b7818bf,1036830,99,12.0,63.0,99.0,1.3901691,3.0227203,0.1904762,2.5401762,68.65625,1
6bba_8b7818bf,1036831,99,0.0,90.0,47.0,1.1327136,4.4702344,0.0,2.1350024,40.76465,0
6bba_8b7818bf,1036832,99,14.0,118.0,243.0,1.2867824,2.3108587,0.22222222,2.5434792,68.92444,0
6bba_8b7818bf,1036833,99,14.0,44.0,43.0,1.2726659,4.029346,0.22222222,2.5434792,68.92444,1
6bba_8b7818bf,1036834,99,5.0,26.0,230.0,1.3883195,2.6642492,0.07936508,2.5434792,68.92444,0
6bba_8b7818bf,1036835,99,17.0,56.0,61.0,1.2474518,2.532094,0.26984128,2.5434792,68.92444,1
6bba_8b7818bf,1036836,99,11.0,17.0,176.0,1.0683582,3.20596,0.17460318,2.5434792,68.92444,0
6bba_8b7818bf,1036837,99,7.0,64.0,56.0,1.2763696,2.459395,0.11111111,2.5401762,68.65625,1
6bba_8b7818bf,1036838,99,43.0,6.0,0.0,0.91515535,4.062047,0.6825397,2.1396742,41.032837,0
6bba_8b7818bf,1036839,99,5.0,50.0,108.0,1.1065793,2.4840164,0.07936508,2.5401762,68.65625,0
6bba_8b7818bf,1036840,99,39.0,68.0,205.0,0.98884755,2.4458148,0.61904764,2.5434792,68.92444,0
6bba_8b7818bf,1036841,99,0.0,56.0,144.0,0.7750161,3.136289,0.0,2.1350024,40.76465,1
6bba_8b7818bf,1036842,99,23.0,74.0,88.0,1.0510814,2.1562114,0.36507937,2.5434792,68.92444,1
6bba_8b7818bf,1036843,99,23.0,74.0,80.0,1.0304159,2.163416,0.36507937,2.5434792,68.92444,1
6bba_8b7818bf,1036844,99,11.0,63.0,77.0,1.0255293,2.2373605,0.17460318,2.5434792,68.92444,2
6bba_8b7818bf,1036845,99,8.0,64.0,83.0,1.0386777,2.6312327,0.12698413,2.5434792,68.92444,2
6bba_8b7818bf,1036846,99,8.0,65.0,86.0,1.056717,2.2036982,0.12698413,2.5401762,68.65625,3
6bba_8b7818bf,1036847,99,0.0,59.0,135.0,0.6900718,2.7867115,0.0,2.1065323,39.155518,1
6bba_8b7818bf,1036848,99,13.0,72.0,0.0,0.67616373,7.305154,0.20634921,2.1396742,41.032837,0
6bba_8b7818bf,1036849,99,0.0,73.0,96.0,1.0791909,2.063946,0.0,2.1396742,41.032837,0
6bba_8b7818bf,1036850,99,22.0,34.0,12.0,0.84334415,3.3148932,0.34920636,2.5434792,68.92444,0
6bba_8b7818bf,1036851,99,0.0,117.0,81.0,0.9196201,1.5353886,0.0,2.1396742,41.032837,0
6bba_8b7818bf,1036852,99,0.0,138.0,184.0,0.6678557,2.838937,0.0,2.1350024,40.76465,0
6bba_8b7818bf,1036853,99,5.0,102.0,68.0,0.91692245,1.742801,0.07936508,2.499849,65.43799,0
6bba_8b7818bf,1036854,99,20.0,0.0,162.0,0.62863237,4.7742643,0.31746033,2.1396742,41.032837,0
6bba_8b7818bf,1036855,99,21.0,34.0,37.0,0.7879651,1.6509494,0.33333334,2.5268764,67.583496,1
6bba_8b7818bf,1036856,99,0.0,118.0,64.0,0.89320016,1.2402141,0.0,2.1350024,40.76465,0
6bba_8b7818bf,1036857,99,35.0,9.0,29.0,0.6281535,3.2227929,0.5555556,2.5401762,68.65625,1
6bba_8b7818bf,1036858,99,34.0,5.0,41.0,0.61498696,3.2148907,0.53968257,2.5434792,68.92444,1
